00601
18.180555
-66.749961
00602
18.361945
-67.175597
00603
18.455183
-67.119887
00606
18.158327
-66.932928
00610
18.295366
-67.125135
00612
18.402253
-66.711397
00616
18.420412
-66.671979
00617
18.447538
-66.557681
00622
17.991245
-67.153993
00623
18.083361
-67.153897
00624
18.064919
-66.716683
00627
18.412600
-66.863926
00631
18.190607
-66.832041
00637
18.076713
-66.947389
00638
18.295913
-66.515588
00641
18.263097
-66.712963
00646
18.433150
-66.285875
00647
17.963613
-66.947127
00650
18.349416
-66.578079
00652
18.448440
-66.594110
00653
17.985033
-66.886536
00656
18.053539
-66.792931
00659
18.407226
-66.808999
00660
18.134695
-67.116199
00662
18.468297
-67.015751
00664
18.210330
-66.591616
00667
18.003422
-67.035810
00669
18.277102
-66.869645
00670
18.240187
-66.988776
00674
18.422908
-66.489337
00676
18.377637
-67.079574
00677
18.332568
-67.227022
00678
18.434099
-66.927384
00680
18.178225
-67.151514
00682
18.221464
-67.156039
00683
18.107800
-67.037263
00685
18.332929
-66.959689
00687
18.319026
-66.420557
00688
18.382311
-66.626416
00690
18.495510
-67.098671
00692
18.410188
-66.336556
00693
18.422987
-66.397214
00694
18.483063
-66.392379
00698
18.064848
-66.856319
00703
18.248401
-66.130662
00704
17.965770
-66.219555
00705
18.128961
-66.266683
00707
18.014055
-65.920751
00714
18.003025
-66.046237
00715
18.011233
-66.560065
00716
17.991269
-66.606774
00717
18.003222
-66.614037
00718
18.231988
-65.759623
00719
18.289920
-66.253440
00720
18.217946
-66.428076
00723
18.043498
-66.015479
00725
18.218819
-66.042375
00727
18.215308
-66.073565
00728
17.989853
-66.664116
00729
18.323585
-65.883206
00730
18.030831
-66.616838
00731
18.109947
-66.635622
00735
18.252603
-65.682494
00736
18.103624
-66.151667
00738
18.308717
-65.738915
00739
18.177233
-66.160645
00740
18.331178
-65.634104
00741
18.163855
-65.754042
00745
18.352216
-65.817387
00751
18.001317
-66.252183
00754
18.147107
-65.976167
00757
17.995441
-66.391334
00765
18.130096
-65.439369
00766
18.133197
-66.476659
00767
18.069489
-65.896161
00769
18.103800
-66.357586
00771
18.187148
-65.871189
00772
18.438944
-65.905220
00773
18.342888
-65.723109
00775
18.326599
-65.307720
00777
18.224133
-65.908542
00778
18.264076
-65.978510
00780
18.102834
-66.568105
00782
18.225708
-66.221633
00783
18.303910
-66.326179
00784
18.010714
-66.133615
00786
18.155424
-66.229907
00791
18.136782
-65.821476
00794
18.200018
-66.309282
00795
18.060494
-66.500624
00801
18.349806
-64.974001
00802
18.340709
-64.923329
00820
17.743100
-64.686556
00823
17.723548
-64.745932
00824
17.744557
-64.682933
00830
18.338559
-64.736530
00831
18.327293
-64.786717
00840
17.677880
-64.902189
00841
17.758634
-64.817451
00850
17.745949
-64.800550
00851
17.732228
-64.770760
00901
18.465369
-66.104613
00906
18.464460
-66.094995
00907
18.452553
-66.077838
00909
18.441610
-66.067132
00911
18.451159
-66.056199
00912
18.445334
-66.060139
00913
18.450002
-66.042656
00915
18.437179
-66.045571
00917
18.420674
-66.050105
00918
18.421022
-66.065789
00920
18.414292
-66.088042
00921
18.392292
-66.088528
00923
18.409029
-66.038586
00924
18.399186
-66.012580
00925
18.400296
-66.050602
00926
18.345400
-66.051545
00927
18.388011
-66.072089
00934
18.411313
-66.124234
00936
18.395463
-66.073772
00949
18.430696
-66.212833
00950
18.459699
-66.233101
00951
18.427530
-66.253789
00952
18.427448
-66.182026
00953
18.360729
-66.251527
00956
18.321137
-66.170419
00957
18.368371
-66.187800
00959
18.385785
-66.155654
00960
18.416641
-66.144555
00961
18.413307
-66.164683
00962
18.444614
-66.148819
00965
18.433757
-66.114752
00966
18.401521
-66.117597
00968
18.406085
-66.101232
00969
18.368062
-66.108062
00971
18.318884
-66.119190
00976
18.336180
-65.994101
00979
18.444394
-66.030035
00982
18.411261
-65.992045
00983
18.416737
-65.974862
00985
18.410774
-65.947927
00987
18.338161
-65.941083
01001
42.062368
-72.625754
01002
42.364031
-72.458759
01003
42.389698
-72.524009
01005
42.418884
-72.112077
01007
42.279010
-72.400468
01008
42.190191
-72.954263
01009
42.209669
-72.339743
01010
42.128176
-72.205352
01011
42.290128
-72.966516
01012
42.375425
-72.858192
01013
42.154903
-72.602804
01020
42.172611
-72.561920
01022
42.197741
-72.542713
01026
42.465495
-72.918267
01027
42.295008
-72.751877
01028
42.062378
-72.498111
01029
42.193395
-73.044647
01030
42.072925
-72.686972
01031
42.329380
-72.198156
01032
42.457613
-72.814780
01033
42.244949
-72.500143
01034
42.093912
-72.961103
01035
42.356491
-72.568632
01036
42.071188
-72.417718
01037
42.376036
-72.197364
01038
42.379925
-72.604045
01039
42.404287
-72.688924
01040
42.211656
-72.642448
01050
42.286762
-72.869695
01053
42.356301
-72.713584
01054
42.468898
-72.484579
01056
42.183577
-72.457812
01057
42.093596
-72.321494
01060
42.321251
-72.630395
01062
42.323033
-72.701789
01063
42.318882
-72.638530
01066
42.406909
-72.655015
01068
42.350862
-72.044248
01069
42.188862
-72.306480
01070
42.518446
-72.919017
01071
42.160064
-72.873840
01072
42.456968
-72.417244
01073
42.226949
-72.741588
01074
42.387603
-72.093230
01075
42.256532
-72.580248
01077
42.052570
-72.777353
01079
42.194327
-72.328888
01080
42.185727
-72.361558
01081
42.061313
-72.234411
01082
42.299749
-72.279164
01083
42.203642
-72.194599
01084
42.392370
-72.882235
01085
42.153503
-72.771602
01086
42.130446
-72.793967
01088
42.391709
-72.646494
01089
42.125451
-72.649734
01092
42.191868
-72.235108
01093
42.441943
-72.661817
01094
42.359108
-72.136800
01095
42.138527
-72.420703
01096
42.397138
-72.763554
01097
42.178038
-72.832612
01098
42.394315
-72.943115
01103
42.104106
-72.592027
01104
42.134009
-72.565378
01105
42.099958
-72.580765
01106
42.048054
-72.569275
01107
42.121060
-72.607068
01108
42.080692
-72.560791
01109
42.119674
-72.549726
01118
42.094587
-72.525219
01119
42.124978
-72.511210
01128
42.092296
-72.489135
01129
42.118671
-72.488203
01151
42.151860
-72.509131
01199
42.120563
-72.604468
01201
42.448236
-73.273727
01220
42.623808
-73.116741
01222
42.058703
-73.322175
01223
42.312225
-73.110124
01224
42.513163
-73.195743
01225
42.563401
-73.153335
01226
42.481119
-73.135073
01229
42.277932
-73.332032
01230
42.173196
-73.324290
01235
42.425677
-73.063028
01236
42.266496
-73.378393
01237
42.537915
-73.271649
01238
42.297501
-73.230148
01240
42.367858
-73.269763
01242
42.333734
-73.249199
01243
42.350122
-73.024112
01244
42.118094
-73.257497
01245
42.186893
-73.223105
01247
42.698526
-73.084300
01253
42.206683
-73.113214
01254
42.382019
-73.365492
01255
42.107496
-73.118607
01256
42.594166
-73.022320
01257
42.085244
-73.367483
01258
42.109280
-73.462886
01259
42.075469
-73.234376
01260
42.295695
-73.342544
01262
42.292202
-73.319209
01264
42.231590
-73.202428
01266
42.312354
-73.388044
01267
42.671617
-73.246981
01270
42.515272
-73.031166
01301
42.626761
-72.601530
01330
42.513947
-72.821517
01331
42.562394
-72.191044
01337
42.689307
-72.582289
01338
42.572488
-72.824145
01339
42.603776
-72.889644
01340
42.694731
-72.710956
01341
42.492124
-72.709827
01342
42.543889
-72.609458
01343
42.657625
-72.978933
01344
42.613418
-72.426428
01346
42.693268
-72.823116
01347
42.559294
-72.518753
01349
42.563061
-72.482115
01350
42.727772
-72.985346
01351
42.539880
-72.521689
01354
42.624101
-72.508607
01355
42.458551
-72.327191
01360
42.677091
-72.453876
01364
42.605437
-72.292074
01366
42.475621
-72.192468
01367
42.695532
-72.909148
01368
42.679456
-72.176935
01370
42.593376
-72.726928
01373
42.475481
-72.615403
01375
42.466691
-72.546751
01376
42.595280
-72.555002
01378
42.673533
-72.353213
01379
42.556308
-72.407153
01420
42.584925
-71.816862
01430
42.657005
-71.923442
01431
42.676293
-71.832523
01432
42.564663
-71.567298
01434
42.539753
-71.612330
01436
42.602059
-72.087015
01438
42.562243
-72.031402
01440
42.588337
-71.986069
01450
42.611636
-71.564743
01451
42.501908
-71.568201
01452
42.495111
-72.002339
01453
42.519967
-71.763319
01460
42.535931
-71.490569
01462
42.582607
-71.720464
01463
42.670643
-71.602858
01464
42.573654
-71.640986
01467
42.489495
-71.609346
01468
42.542767
-72.068345
01469
42.664794
-71.695055
01473
42.554600
-71.905440
01474
42.669685
-71.752751
01475
42.668160
-72.055644
01501
42.198708
-71.846006
01503
42.384929
-71.633889
01504
42.039991
-71.532406
01505
42.355049
-71.716157
01506
42.180807
-72.107888
01507
42.133935
-71.968025
01510
42.411887
-71.690005
01515
42.209682
-72.040178
01516
42.053072
-71.752241
01518
42.127477
-72.118818
01519
42.203404
-71.679739
01520
42.336385
-71.850759
01521
42.046783
-72.180212
01522
42.375634
-71.867382
01523
42.483569
-71.675585
01524
42.249636
-71.919248
01525
42.106794
-71.630518
01527
42.192246
-71.777649
01529
42.036642
-71.578779
01531
42.326183
-72.133431
01532
42.323342
-71.646236
01534
42.142074
-71.643348
01535
42.267564
-72.066876
01536
42.231309
-71.692642
01537
42.158966
-71.897051
01540
42.116263
-71.857465
01541
42.454125
-71.877540
01542
42.204251
-71.908907
01543
42.388285
-71.969865
01545
42.284767
-71.714228
01550
42.059737
-72.033908
01560
42.175395
-71.674223
01561
42.443970
-71.685583
01562
42.247211
-71.991867
01564
42.447924
-71.776045
01566
42.103214
-72.079545
01568
42.176526
-71.603588
01569
42.055921
-71.631128
01570
42.047532
-71.846952
01571
42.053778
-71.935075
01581
42.268426
-71.613309
01583
42.369417
-71.785036
01585
42.240796
-72.162645
01588
42.118800
-71.672496
01590
42.132051
-71.750318
01602
42.269189
-71.850728
01603
42.243826
-71.843569
01604
42.253485
-71.767932
01605
42.289683
-71.787793
01606
42.315249
-71.795741
01607
42.225974
-71.788894
01608
42.261980
-71.801462
01609
42.285114
-71.829987
01610
42.247049
-71.808366
01611
42.237604
-71.875838
01612
42.296798
-71.928991
01701
42.319587
-71.442800
01702
42.282379
-71.436623
01718
42.519818
-71.429286
01719
42.485985
-71.520985
01720
42.483953
-71.438495
01721
42.257755
-71.473526
01730
42.499332
-71.281901
01731
42.456754
-71.279477
01740
42.439933
-71.601885
01741
42.536807
-71.361324
01742
42.462911
-71.364496
01745
42.292114
-71.499197
01746
42.195951
-71.453430
01747
42.123007
-71.531404
01748
42.224096
-71.540489
01749
42.389071
-71.545864
01752
42.349617
-71.547214
01754
42.425955
-71.456256
01756
42.093870
-71.544519
01757
42.158692
-71.521419
01760
42.284822
-71.348811
01770
42.231947
-71.372963
01772
42.302877
-71.530828
01773
42.425506
-71.310812
01775
42.429688
-71.512514
01776
42.383367
-71.421070
01778
42.356275
-71.361942
01801
42.488703
-71.154383
01803
42.503227
-71.201713
01810
42.648044
-71.161751
01821
42.549330
-71.251725
01824
42.590790
-71.355182
01826
42.679723
-71.300680
01827
42.676149
-71.499772
01830
42.796313
-71.053436
01832
42.791114
-71.132859
01833
42.726226
-70.983318
01834
42.753900
-71.015935
01835
42.751327
-71.094421
01840
42.706763
-71.160403
01841
42.712015
-71.164873
01843
42.689988
-71.160390
01844
42.742641
-71.178651
01845
42.673909
-71.091334
01850
42.656045
-71.303309
01851
42.627813
-71.335334
01852
42.632978
-71.295616
01854
42.649481
-71.348229
01860
42.838603
-71.011997
01862
42.578543
-71.295592
01863
42.633780
-71.389470
01864
42.578401
-71.084448
01867
42.535183
-71.105423
01876
42.611801
-71.227571
01879
42.667762
-71.428820
01880
42.501524
-71.067489
01886
42.585541
-71.440250
01887
42.564647
-71.164516
01890
42.452752
-71.144319
01901
42.460419
-70.946379
01902
42.471039
-70.941535
01904
42.492456
-70.973930
01905
42.465998
-70.975792
01906
42.468432
-71.013946
01907
42.474145
-70.906597
01908
42.428256
-70.926041
01913
42.851293
-70.955810
01915
42.570665
-70.867583
01921
42.683108
-71.027188
01922
42.757313
-70.914241
01923
42.574174
-70.950516
01929
42.640420
-70.771172
01930
42.619910
-70.681824
01937
42.585723
-70.984051
01938
42.683860
-70.842666
01940
42.534146
-71.038333
01944
42.576636
-70.767154
01945
42.501565
-70.858834
01949
42.606666
-71.010316
01950
42.812358
-70.891095
01951
42.773351
-70.850211
01952
42.844794
-70.841499
01960
42.534279
-70.969782
01966
42.640699
-70.620250
01969
42.720873
-70.891220
01970
42.524435
-70.870859
01982
42.626223
-70.857230
01983
42.641387
-70.943383
01984
42.600668
-70.883260
01985
42.799565
-70.964428
02019
42.076682
-71.474490
02021
42.175737
-71.125385
02025
42.236444
-70.814309
02026
42.246872
-71.179462
02030
42.234160
-71.291167
02032
42.156882
-71.216187
02035
42.061338
-71.245802
02038
42.084858
-71.410571
02043
42.216098
-70.881270
02045
42.292253
-70.923919
02047
42.133914
-70.686037
02048
42.017302
-71.216420
02050
42.115139
-70.710331
02052
42.184599
-71.305307
02053
42.156203
-71.430345
02054
42.173103
-71.363756
02056
42.113660
-71.337560
02061
42.164569
-70.818844
02062
42.187364
-71.195971
02066
42.202273
-70.758184
02067
42.107600
-71.181828
02071
42.103425
-71.273589
02072
42.119006
-71.103650
02081
42.147042
-71.269965
02090
42.219645
-71.216768
02093
42.052671
-71.356858
02108
42.357758
-71.064899
02109
42.368802
-71.049490
02110
42.361984
-71.047959
02111
42.350518
-71.059077
02113
42.365331
-71.055233
02114
42.363174
-71.068646
02115
42.337105
-71.105696
02116
42.350579
-71.076397
02118
42.337582
-71.070482
02119
42.324029
-71.085017
02120
42.332090
-71.096545
02121
42.306267
-71.085897
02122
42.291413
-71.042158
02124
42.285805
-71.070571
02125
42.315682
-71.055555
02126
42.274227
-71.097423
02127
42.334992
-71.039093
02128
42.361203
-71.007050
02129
42.379657
-71.061487
02130
42.309174
-71.113835
02131
42.284333
-71.126228
02132
42.280455
-71.162017
02134
42.358016
-71.128608
02135
42.349688
-71.153964
02136
42.255083
-71.129220
02138
42.379637
-71.135152
02139
42.362986
-71.103353
02140
42.392157
-71.133996
02141
42.370300
-71.082560
02142
42.361994
-71.081588
02143
42.381407
-71.096714
02144
42.399655
-71.122550
02145
42.391577
-71.089910
02148
42.429380
-71.058706
02149
42.405938
-71.054649
02150
42.396824
-71.031348
02151
42.418290
-71.001251
02152
42.373055
-70.974807
02155
42.423844
-71.109231
02163
42.365915
-71.122177
02169
42.248386
-71.002279
02170
42.266415
-71.015576
02171
42.293327
-71.018193
02176
42.455723
-71.059019
02180
42.474208
-71.097665
02184
42.206188
-71.002320
02186
42.241559
-71.082437
02188
42.204662
-70.957633
02189
42.209781
-70.928176
02190
42.166731
-70.952363
02191
42.243453
-70.942033
02199
42.347476
-71.082035
02203
42.360588
-71.058737
02210
42.347472
-71.039271
02215
42.347635
-71.103082
02301
42.078371
-71.042304
02302
42.088907
-70.998375
02322
42.132461
-71.054013
02324
41.972376
-70.978773
02330
41.875179
-70.746715
02332
42.044407
-70.706060
02333
42.037116
-70.942178
02338
42.002634
-70.863706
02339
42.122956
-70.856310
02341
42.050240
-70.867359
02343
42.140346
-70.997861
02346
41.878004
-70.869267
02347
41.834384
-70.956826
02351
42.115764
-70.956597
02356
42.060539
-71.119671
02357
42.054978
-71.080651
02359
42.067804
-70.805713
02360
41.882062
-70.631289
02364
41.987196
-70.741942
02366
41.850984
-70.654984
02367
41.959100
-70.802753
02368
42.176092
-71.052043
02370
42.130399
-70.910615
02375
42.005690
-71.078041
02379
42.021617
-71.026717
02382
42.078974
-70.939390
02420
42.457055
-71.215464
02421
42.438547
-71.239573
02445
42.325483
-71.135045
02446
42.343499
-71.122244
02451
42.397825
-71.255701
02452
42.392438
-71.213912
02453
42.369542
-71.240513
02457
42.299388
-71.274242
02458
42.353585
-71.188192
02459
42.314779
-71.192017
02460
42.351824
-71.208490
02461
42.317362
-71.206508
02462
42.328708
-71.255900
02464
42.312975
-71.218882
02465
42.348912
-71.226330
02466
42.344457
-71.248617
02467
42.314321
-71.152778
02468
42.328553
-71.229530
02472
42.369451
-71.177925
02474
42.420949
-71.156370
02476
42.415637
-71.175670
02478
42.395317
-71.180284
02481
42.311947
-71.275517
02482
42.293099
-71.298535
02492
42.276483
-71.243714
02493
42.360502
-71.303433
02494
42.299490
-71.232519
02532
41.751759
-70.597552
02534
41.668942
-70.619407
02535
41.337961
-70.761674
02536
41.596293
-70.567470
02537
41.728421
-70.435810
02538
41.777363
-70.642228
02539
41.377655
-70.522080
02540
41.573891
-70.632042
02542
41.707839
-70.545520
02543
41.478974
-70.766911
02553
41.712526
-70.620747
02554
41.291072
-70.093329
02556
41.639447
-70.624515
02557
41.441713
-70.576143
02558
41.745017
-70.653513
02559
41.690243
-70.616283
02561
41.766737
-70.540595
02562
41.787209
-70.526717
02563
41.728137
-70.476549
02564
41.271940
-69.984473
02568
41.458645
-70.612521
02571
41.761187
-70.695991
02575
41.400252
-70.656934
02576
41.772221
-70.762948
02584
41.258845
-70.007333
02601
41.656038
-70.296764
02630
41.706756
-70.312489
02631
41.747513
-70.066223
02632
41.659097
-70.346877
02633
41.689343
-69.972382
02635
41.624054
-70.439397
02637
41.705726
-70.270928
02638
41.730245
-70.197392
02639
41.668067
-70.136979
02641
41.751246
-70.153472
02642
41.841331
-69.977436
02643
41.797941
-69.937327
02644
41.683488
-70.510786
02645
41.711083
-70.057611
02646
41.670596
-70.071449
02647
41.630127
-70.310144
02648
41.670946
-70.415370
02649
41.616801
-70.490097
02650
41.701947
-69.961453
02651
41.875047
-70.003438
02652
42.049534
-70.094987
02653
41.769125
-69.973580
02655
41.627984
-70.392013
02657
42.059829
-70.200407
02659
41.681474
-70.023529
02660
41.707699
-70.158560
02663
41.894444
-70.012180
02664
41.674727
-70.195648
02666
41.990780
-70.045714
02667
41.921997
-70.023356
02668
41.716208
-70.363097
02669
41.666680
-69.989694
02670
41.660103
-70.170681
02671
41.675153
-70.109767
02672
41.635700
-70.313634
02673
41.655637
-70.247240
02675
41.703950
-70.231552
02702
41.785113
-71.059047
02703
41.931653
-71.294503
02713
41.441295
-70.902217
02715
41.805594
-71.157707
02717
41.760106
-70.972762
02718
41.862486
-71.011690
02719
41.633667
-70.871362
02720
41.723023
-71.121527
02721
41.675125
-71.148281
02723
41.692705
-71.129726
02724
41.683936
-71.177500
02725
41.720043
-71.188272
02726
41.759700
-71.144592
02738
41.704134
-70.752201
02739
41.665794
-70.814531
02740
41.637485
-70.938265
02743
41.718217
-70.901151
02744
41.606252
-70.913632
02745
41.700737
-70.950546
02746
41.660995
-70.940137
02747
41.664711
-71.015699
02748
41.553084
-70.971453
02760
41.972567
-71.334375
02762
42.012838
-71.336188
02763
41.966866
-71.308574
02764
41.851929
-71.153598
02766
41.965341
-71.181780
02767
41.940996
-71.048499
02769
41.846878
-71.244870
02770
41.760864
-70.838956
02771
41.839798
-71.318047
02777
41.758163
-71.214181
02779
41.838061
-71.077615
02780
41.909112
-71.118346
02790
41.599176
-71.082371
02791
41.527824
-71.079618
02802
41.952130
-71.456233
02804
41.434772
-71.769527
02806
41.734753
-71.319732
02807
41.176783
-71.577054
02808
41.408251
-71.749674
02809
41.675730
-71.273331
02812
41.478948
-71.652334
02813
41.394216
-71.669822
02814
41.895948
-71.700406
02815
41.774630
-71.647954
02816
41.696499
-71.622662
02817
41.637083
-71.678361
02818
41.642919
-71.485719
02822
41.570323
-71.626992
02825
41.782067
-71.726833
02826
41.982746
-71.653144
02827
41.698748
-71.739118
02828
41.880158
-71.564405
02830
41.974930
-71.651187
02831
41.774762
-71.620289
02832
41.514717
-71.729622
02833
41.495140
-71.769633
02835
41.510088
-71.378366
02836
41.454681
-71.620208
02837
41.518769
-71.167247
02838
41.958893
-71.475687
02839
41.940757
-71.641513
02840
41.478216
-71.322375
02841
41.511864
-71.332175
02842
41.518673
-71.281685
02852
41.588565
-71.459811
02857
41.822761
-71.633605
02858
41.964486
-71.651267
02859
41.959073
-71.757323
02860
41.870562
-71.388681
02861
41.878603
-71.353131
02863
41.890064
-71.393481
02864
41.966913
-71.428933
02865
41.915455
-71.449815
02871
41.586609
-71.259211
02872
41.597055
-71.320666
02873
41.533129
-71.780545
02874
41.511222
-71.480535
02875
41.456486
-71.638865
02876
41.994278
-71.585490
02878
41.607962
-71.182556
02879
41.424019
-71.534277
02881
41.478083
-71.524717
02882
41.417567
-71.471851
02885
41.725138
-71.258805
02886
41.703849
-71.455568
02888
41.747671
-71.406118
02889
41.700591
-71.376927
02891
41.362146
-71.790893
02892
41.498920
-71.599892
02893
41.679006
-71.518688
02894
41.444477
-71.703238
02895
42.001706
-71.499949
02896
41.975186
-71.544069
02898
41.517640
-71.668521
02903
41.818230
-71.409088
02904
41.858334
-71.436294
02905
41.784725
-71.396103
02906
41.840169
-71.390408
02907
41.798593
-71.424630
02908
41.839825
-71.436794
02909
41.821195
-71.453376
02910
41.774999
-71.435594
02911
41.854888
-71.472812
02912
41.825593
-71.402239
02914
41.815116
-71.365787
02915
41.772847
-71.354839
02916
41.842661
-71.352438
02917
41.906288
-71.523811
02919
41.827440
-71.519879
02920
41.767344
-71.465508
02921
41.760748
-71.514647
03031
42.874824
-71.600533
03032
42.997287
-71.363518
03033
42.749263
-71.675670
03034
43.056895
-71.340635
03036
42.984530
-71.255104
03037
43.141274
-71.248197
03038
42.887613
-71.282047
03042
43.054092
-71.084105
03043
42.997000
-71.817788
03044
43.000369
-71.119162
03045
43.021515
-71.563462
03046
43.116395
-71.595437
03047
42.936319
-71.867127
03048
42.742874
-71.761755
03049
42.749624
-71.585402
03051
42.760497
-71.409393
03052
42.846081
-71.468283
03053
42.869839
-71.387845
03054
42.852034
-71.519876
03055
42.818645
-71.673354
03057
42.908885
-71.694199
03060
42.741087
-71.458266
03062
42.722323
-71.501176
03063
42.782100
-71.518366
03064
42.779380
-71.474920
03070
42.981209
-71.677520
03071
42.746257
-71.874434
03076
42.730992
-71.337075
03077
43.038038
-71.205107
03079
42.788267
-71.221725
03082
42.896409
-71.768331
03084
42.826723
-71.875416
03086
42.832231
-71.759615
03087
42.811092
-71.302688
03101
42.989027
-71.466111
03102
43.011907
-71.491063
03103
42.950906
-71.446560
03104
43.009552
-71.439782
03106
43.082194
-71.446738
03109
42.963734
-71.400350
03110
42.935584
-71.536871
03215
43.942835
-71.448115
03216
43.451175
-71.797940
03217
43.725967
-71.642579
03218
43.336884
-71.273836
03220
43.474455
-71.482208
03221
43.258003
-71.960169
03222
43.643715
-71.799277
03223
43.855440
-71.685492
03224
43.362490
-71.558020
03225
43.359832
-71.245362
03226
43.711388
-71.503778
03227
43.841192
-71.480852
03229
43.202191
-71.696789
03230
43.508647
-71.890242
03231
43.473341
-71.762339
03233
43.424004
-71.931192
03234
43.204812
-71.348563
03235
43.448973
-71.674166
03237
43.423058
-71.387218
03238
43.984378
-71.911256
03240
43.574691
-71.951919
03241
43.751841
-71.817784
03242
43.169407
-71.831201
03243
43.528306
-71.769192
03244
43.128121
-71.916981
03245
43.761761
-71.582529
03246
43.576535
-71.482263
03249
43.519499
-71.375838
03251
44.100820
-71.494049
03253
43.631211
-71.498585
03254
43.717721
-71.369179
03255
43.314026
-72.024551
03256
43.623436
-71.632547
03257
43.417721
-71.990609
03258
43.265259
-71.408835
03259
43.875712
-71.395018
03260
43.322168
-71.911456
03261
43.215368
-71.212815
03262
43.999889
-71.714447
03263
43.288501
-71.309368
03264
43.738775
-71.702625
03266
43.782873
-71.884739
03268
43.386099
-71.772917
03269
43.524186
-71.601607
03273
43.301982
-71.926953
03275
43.170513
-71.417063
03276
43.431031
-71.575998
03278
43.308930
-71.835506
03279
43.965803
-71.859117
03280
43.190068
-72.093879
03281
43.078057
-71.703708
03282
43.858721
-71.923718
03284
43.472936
-72.013121
03285
43.947877
-71.635785
03287
43.443284
-71.922446
03290
43.129847
-71.131859
03291
43.179173
-71.142610
03293
43.970620
-71.679913
03301
43.238596
-71.556261
03303
43.311717
-71.665381
03304
43.133177
-71.537242
03307
43.333988
-71.446658
03431
42.965044
-72.294803
03440
43.050292
-71.981968
03441
42.780686
-72.447028
03442
43.020284
-71.903705
03443
42.869403
-72.466172
03444
42.889279
-72.069849
03445
43.020616
-72.214374
03446
42.858271
-72.296360
03447
42.753205
-72.153028
03448
43.053924
-72.273623
03449
42.977339
-71.997821
03450
42.948536
-72.068986
03451
42.809298
-72.504822
03452
42.829254
-72.059901
03455
42.901767
-72.172914
03456
43.138544
-72.208769
03457
42.999482
-72.121703
03458
42.868369
-71.940102
03461
42.756663
-72.013247
03462
42.892609
-72.390167
03464
43.090822
-72.126816
03465
42.828798
-72.188943
03466
42.890398
-72.502989
03467
42.968075
-72.430856
03470
42.771338
-72.354224
03561
44.343351
-71.795118
03570
44.504596
-71.155466
03574
44.260435
-71.609203
03575
44.313668
-71.402828
03576
44.912445
-71.385112
03579
44.964771
-71.025563
03580
44.163446
-71.693295
03581
44.289758
-71.152198
03582
44.565047
-71.442984
03583
44.396741
-71.464694
03584
44.483853
-71.545865
03585
44.222416
-71.877173
03586
44.218410
-71.800240
03588
44.623040
-71.211846
03590
44.715053
-71.530115
03592
45.116236
-71.261110
03593
44.301396
-71.299834
03595
44.305266
-71.497376
03597
44.744941
-71.381331
03598
44.378946
-71.628862
03601
43.238837
-72.286124
03602
43.140833
-72.347571
03603
43.246631
-72.383893
03604
43.127324
-72.376844
03605
43.236564
-72.184869
03607
43.196510
-72.268353
03608
43.076442
-72.395967
03609
43.143935
-72.446448
03740
44.184481
-71.978837
03741
43.676857
-72.007091
03743
43.360727
-72.326929
03745
43.476437
-72.334130
03746
43.494319
-72.257433
03748
43.589100
-72.132135
03750
43.721023
-72.185207
03751
43.449741
-72.092290
03752
43.272092
-72.101033
03753
43.516590
-72.149093
03754
43.377461
-72.138390
03755
43.673513
-72.191849
03765
44.035225
-72.050198
03766
43.632568
-72.234816
03768
43.816634
-72.094295
03770
43.531294
-72.258811
03771
44.296605
-71.980684
03773
43.371345
-72.202789
03774
44.089733
-71.996581
03777
43.883333
-72.033845
03779
43.961851
-72.001293
03780
44.046700
-71.989127
03781
43.560058
-72.299358
03782
43.390095
-72.093136
03784
43.638325
-72.306490
03785
44.043520
-71.912217
03801
43.074812
-70.805443
03809
43.464730
-71.200177
03810
43.512559
-71.294893
03811
42.839113
-71.167192
03812
44.081130
-71.297237
03813
44.127498
-71.060691
03814
43.770937
-71.181505
03816
43.682231
-71.251209
03817
43.887170
-71.229402
03818
43.959450
-71.274251
03819
42.927892
-71.119888
03820
43.190658
-70.887655
03823
43.174607
-70.941453
03824
43.117061
-70.918807
03825
43.215566
-71.038980
03826
42.890001
-71.130679
03827
42.903677
-70.995550
03830
43.614118
-70.993555
03832
43.906960
-71.047520
03833
42.978780
-70.979680
03835
43.366924
-71.062503
03836
43.842036
-71.075161
03837
43.422251
-71.336087
03838
44.110671
-71.223276
03839
43.262992
-70.991173
03840
43.039732
-70.845622
03841
42.881868
-71.182359
03842
42.939601
-70.836728
03844
42.924811
-70.886242
03845
44.099842
-71.118142
03846
44.187620
-71.155763
03847
44.071980
-71.123943
03848
42.913731
-71.073595
03849
43.902455
-71.129871
03850
43.690629
-71.297611
03851
43.437283
-71.025251
03852
43.495003
-70.986034
03853
43.642849
-71.282793
03854
43.062147
-70.717071
03855
43.463687
-71.152140
03856
43.038509
-70.967954
03857
43.070913
-70.946939
03858
42.870369
-71.045915
03860
44.035706
-71.117232
03861
43.119202
-71.007082
03862
42.979934
-70.829441
03864
43.689932
-71.103440
03865
42.845597
-71.093260
03867
43.301679
-70.991769
03868
43.323179
-70.933650
03869
43.219815
-70.843107
03870
43.008697
-70.758312
03871
42.980948
-70.777362
03872
43.570526
-71.043346
03873
42.934018
-71.183605
03874
42.883123
-70.860823
03875
43.895078
-71.189275
03878
43.253476
-70.887944
03882
43.746733
-71.041910
03883
43.808767
-71.320045
03884
43.275384
-71.169956
03885
43.014993
-70.902602
03886
43.864038
-71.296068
03887
43.499649
-71.073833
03890
43.800586
-71.201475
03894
43.603773
-71.177139
03901
43.299320
-70.842062
03902
43.214916
-70.628806
03903
43.146567
-70.774373
03904
43.107836
-70.728714
03905
43.086194
-70.686846
03906
43.352258
-70.779435
03907
43.255761
-70.610716
03908
43.230612
-70.752424
03909
43.166460
-70.679004
03910
43.185364
-70.603266
03911
43.142293
-70.626458
04001
43.521206
-70.917670
04002
43.489069
-70.661906
04003
43.727261
-69.956899
04005
43.492102
-70.486566
04006
43.444292
-70.344570
04008
44.044224
-69.863781
04009
44.047513
-70.743319
04010
43.930799
-70.918584
04011
43.896405
-69.973436
04015
43.976287
-70.521109
04017
43.738955
-70.088396
04019
43.685927
-70.102982
04020
43.767186
-70.808863
04021
43.791796
-70.264762
04022
43.996209
-70.813737
04024
43.836320
-70.685245
04027
43.399909
-70.912785
04029
43.902531
-70.689568
04030
43.589061
-70.696276
04032
43.844826
-70.089953
04037
44.101677
-70.942769
04038
43.701353
-70.462982
04039
43.904920
-70.367727
04040
44.126850
-70.696419
04041
43.848997
-70.830764
04042
43.631019
-70.614369
04043
43.395947
-70.570221
04046
43.429822
-70.474142
04047
43.733357
-70.894042
04048
43.688481
-70.781883
04049
43.745798
-70.699800
04050
43.685939
-70.153919
04051
44.192471
-70.885803
04055
43.975769
-70.639298
04056
43.659542
-70.883500
04057
44.101552
-70.698919
04061
43.633558
-70.739479
04062
43.794689
-70.405329
04063
43.500389
-70.395326
04064
43.525060
-70.388252
04066
43.765547
-69.966981
04068
43.837898
-70.946568
04069
43.903914
-70.182018
04071
43.926746
-70.450760
04072
43.550411
-70.466341
04073
43.418643
-70.747779
04074
43.589627
-70.366191
04076
43.554017
-70.832796
04079
43.790591
-69.971530
04083
43.464119
-70.814287
04084
43.762147
-70.566686
04085
43.773320
-70.616514
04086
43.964977
-69.955624
04087
43.568795
-70.743997
04088
44.202838
-70.722272
04090
43.331432
-70.645586
04091
43.839321
-70.744838
04092
43.707920
-70.352602
04093
43.636260
-70.538842
04095
43.628610
-70.913904
04096
43.788137
-70.156478
04097
43.846092
-70.241798
04101
43.662607
-70.257949
04102
43.654353
-70.297611
04103
43.695422
-70.288652
04105
43.740472
-70.277172
04106
43.631402
-70.285989
04107
43.587173
-70.236476
04108
43.660278
-70.186053
04109
43.679741
-70.252882
04110
43.746027
-70.180065
04210
44.084537
-70.249649
04216
44.679659
-70.846517
04217
44.378536
-70.816256
04219
44.400747
-70.558110
04220
44.342620
-70.347440
04221
44.481538
-70.277339
04222
43.956021
-70.132418
04224
44.561357
-70.413727
04226
44.594476
-70.692505
04227
44.568123
-70.293139
04228
44.433489
-70.115250
04231
44.263058
-70.875477
04234
44.623827
-70.191895
04236
44.189754
-70.145088
04237
44.494500
-70.734421
04238
44.209257
-70.388878
04239
44.516897
-70.202187
04240
44.089513
-70.172095
04250
44.010523
-70.127409
04252
44.036688
-70.058799
04253
44.411638
-70.216186
04254
44.445337
-70.138076
04255
44.345792
-70.655701
04256
44.104897
-70.404680
04257
44.553098
-70.495260
04258
44.137940
-70.336334
04259
44.233505
-70.014723
04260
43.957508
-70.296011
04261
44.565568
-70.962661
04263
44.295351
-70.133074
04265
44.279255
-70.042845
04267
44.206591
-70.792354
04268
44.225867
-70.610021
04270
44.117335
-70.527478
04271
44.263611
-70.498190
04274
44.048106
-70.393563
04275
44.702596
-70.647585
04276
44.559920
-70.625264
04280
44.116831
-70.062582
04281
44.248001
-70.490816
04282
44.265107
-70.247980
04284
44.362503
-70.061230
04285
44.697513
-70.448975
04286
44.401438
-70.865079
04287
44.073433
-69.970748
04289
44.319278
-70.522647
04290
44.460915
-70.451923
04292
44.385909
-70.449596
04294
44.637914
-70.275434
04330
44.351910
-69.747615
04342
44.086173
-69.736988
04343
44.328707
-69.891691
04344
44.260548
-69.827805
04345
44.195091
-69.793771
04346
44.237286
-69.751247
04347
44.287241
-69.818040
04348
44.210864
-69.499152
04349
44.434007
-70.067034
04350
44.172142
-69.934500
04351
44.342427
-69.861935
04352
44.466488
-69.960450
04353
44.198014
-69.619689
04354
44.396114
-69.430630
04355
44.384388
-69.950200
04357
44.116833
-69.829607
04358
44.414473
-69.535271
04359
44.177785
-69.762590
04360
44.554819
-69.999683
04363
44.315485
-69.571186
04364
44.309991
-69.963093
04401
44.848517
-68.850405
04406
45.229183
-69.596521
04408
45.172014
-68.264657
04410
45.088260
-68.906681
04411
44.868377
-68.586353
04412
44.784461
-68.734559
04413
45.562747
-67.751170
04414
45.442880
-69.114639
04415
45.400376
-69.057877
04416
44.623798
-68.749742
04417
45.231514
-68.341886
04418
45.090492
-68.466634
04419
44.800454
-69.003117
04421
44.409006
-68.815533
04422
45.077652
-69.031432
04424
45.680311
-67.876199
04426
45.213059
-69.189134
04427
44.980538
-69.010880
04428
44.805800
-68.554003
04429
44.721239
-68.617075
04430
45.636841
-68.575197
04431
44.560978
-68.672727
04434
44.763866
-69.128068
04435
44.963225
-69.125005
04438
44.598953
-68.928337
04441
45.905621
-69.295834
04442
45.502076
-69.726501
04443
45.227773
-69.353261
04444
44.728980
-68.949964
04448
45.296196
-68.711060
04449
44.992636
-68.888475
04450
44.916049
-68.927991
04451
45.607010
-68.222173
04453
45.162250
-68.760531
04454
45.552976
-67.581444
04455
45.299422
-68.259742
04456
44.876816
-68.996651
04457
45.413427
-68.479871
04459
45.588735
-68.339985
04460
45.712888
-68.521326
04461
44.954787
-68.582438
04462
45.995839
-68.928348
04463
45.286832
-68.895109
04464
45.432794
-69.300953
04468
45.024673
-68.734534
04469
44.901066
-68.668303
04471
45.916545
-67.856824
04472
44.576320
-68.669915
04473
44.881680
-68.738644
04474
44.688778
-68.762805
04475
45.183587
-68.589614
04476
44.482703
-68.705997
04478
45.882059
-69.854601
04479
45.124208
-69.287058
04481
45.245979
-69.092775
04485
45.358040
-69.630292
04487
45.387737
-68.104471
04488
44.871640
-69.113926
04489
44.910362
-68.690189
04490
45.436636
-67.867623
04491
45.573159
-67.470651
04492
45.367045
-67.681322
04493
45.236824
-68.524576
04495
45.477433
-68.338980
04496
44.650751
-68.908918
04497
45.754610
-68.060944
04530
43.887982
-69.826723
04535
44.098468
-69.629176
04537
43.875449
-69.620688
04538
43.851505
-69.627611
04539
43.973542
-69.501972
04541
43.894242
-69.476881
04543
44.022351
-69.490756
04544
43.844446
-69.582305
04547
43.978605
-69.332584
04548
43.833447
-69.738561
04551
43.980070
-69.430381
04553
44.052277
-69.567522
04554
43.862733
-69.512324
04555
44.101248
-69.482658
04556
43.975989
-69.610952
04558
43.885127
-69.514471
04562
43.770829
-69.819164
04563
44.013922
-69.258706
04564
43.921687
-69.464934
04568
43.871824
-69.558279
04570
43.808546
-69.630765
04571
43.896656
-69.674170
04572
44.122084
-69.383354
04573
43.951357
-69.552330
04574
44.260639
-69.391524
04575
43.852150
-69.662201
04576
43.813339
-69.662868
04578
43.982445
-69.692754
04579
43.959656
-69.769351
04605
44.672809
-68.391841
04606
44.540726
-67.712364
04607
44.467048
-68.086866
04609
44.397470
-68.263808
04611
44.466957
-67.612596
04612
44.231530
-68.414514
04613
44.376983
-68.029882
04614
44.402775
-68.568701
04616
44.261324
-68.540355
04617
44.350024
-68.766477
04619
45.142952
-67.217529
04622
44.751766
-67.964777
04623
44.744526
-67.733623
04624
44.423951
-67.985876
04625
44.256442
-68.266458
04626
44.669023
-67.221990
04627
44.237010
-68.607845
04628
44.873990
-67.274401
04629
44.422694
-68.506049
04630
44.866496
-67.474781
04631
44.910958
-67.008913
04634
44.650967
-68.221271
04635
44.172234
-68.351482
04637
45.196140
-67.818718
04640
44.524572
-68.285250
04642
44.330584
-68.809947
04643
44.538027
-67.818538
04644
44.413835
-68.252076
04645
44.066574
-68.615750
04646
44.245561
-68.224952
04648
44.665504
-67.594970
04649
44.547110
-67.489830
04650
44.292625
-68.722885
04652
44.819713
-67.062328
04653
44.209467
-68.334648
04654
44.757152
-67.539897
04655
44.655762
-67.378971
04657
44.964930
-67.426383
04658
44.507820
-67.877963
04660
44.335753
-68.345729
04662
44.300939
-68.292433
04664
44.539656
-68.119741
04666
44.980584
-67.223672
04667
44.983542
-67.101382
04668
45.212926
-67.585966
04669
44.408250
-68.014884
04671
45.067341
-67.149953
04673
44.317252
-68.680481
04674
44.274254
-68.458828
04675
44.301347
-68.251148
04676
44.346880
-68.634365
04677
44.476822
-68.181506
04679
44.278734
-68.324541
04680
44.478414
-67.947062
04681
44.150464
-68.645327
04683
44.245207
-68.787813
04684
44.467462
-68.507329
04685
44.151687
-68.465212
04686
44.996537
-67.694027
04691
44.760322
-67.255047
04693
44.376372
-68.093638
04694
45.115083
-67.477541
04730
46.014769
-68.028159
04732
46.666291
-68.569433
04733
45.752446
-68.402266
04734
46.470887
-67.953131
04735
46.414672
-67.860722
04736
46.911495
-68.029189
04739
46.995906
-68.672927
04740
46.633304
-67.847623
04741
47.453712
-69.222921
04742
46.776241
-67.859197
04743
47.200266
-68.614333
04745
47.282101
-68.388783
04746
47.251015
-68.142962
04747
46.004979
-68.233782
04750
46.954967
-67.857437
04756
47.321708
-68.298213
04757
46.667651
-68.168621
04758
46.559272
-67.853225
04760
46.339357
-67.955202
04761
46.117239
-67.975572
04762
46.958248
-68.124731
04763
46.075083
-68.114975
04764
46.398929
-68.585323
04765
46.159773
-68.593879
04766
46.892463
-68.215780
04768
46.825650
-68.865654
04769
46.688952
-67.991914
04772
47.230084
-68.311449
04773
47.267434
-68.223039
04774
47.077040
-69.154500
04776
45.871695
-68.324753
04777
45.842521
-68.501076
04779
47.134512
-68.331897
04780
46.237652
-68.273550
04781
47.150199
-68.613495
04783
47.040124
-68.175050
04785
47.131861
-67.977959
04786
46.794921
-68.192051
04787
46.533465
-67.966076
04841
44.134001
-69.133525
04843
44.238406
-69.064039
04847
44.241178
-69.188513
04848
44.298888
-68.915242
04849
44.316106
-69.025998
04851
43.853412
-68.910820
04852
43.767426
-69.310059
04853
44.136346
-68.866756
04854
44.075512
-69.079856
04855
43.938360
-69.264531
04856
44.180604
-69.122109
04858
44.046511
-69.154059
04859
43.999115
-69.144355
04860
43.866343
-69.321972
04861
44.107714
-69.171425
04862
44.262706
-69.277723
04863
44.068815
-68.853314
04864
44.128010
-69.243885
04901
44.541078
-69.573081
04910
44.508426
-69.445189
04911
44.769927
-69.972548
04912
44.980705
-69.689878
04915
44.463502
-69.037571
04917
44.487731
-69.838639
04918
44.516779
-69.866480
04920
45.142341
-69.854458
04921
44.560894
-69.136548
04922
44.673999
-69.386460
04923
45.029009
-69.445746
04924
44.782176
-69.546316
04925
45.212387
-69.903429
04926
44.480122
-69.513888
04927
44.665474
-69.540766
04928
44.943471
-69.258242
04929
44.773091
-69.301537
04930
45.027572
-69.317970
04932
44.697571
-69.143703
04933
44.816495
-69.231348
04936
45.355011
-70.657430
04937
44.651655
-69.661275
04938
44.661856
-70.103104
04939
45.077258
-69.158771
04940
44.623994
-70.083293
04941
44.470053
-69.284182
04942
45.077023
-69.586446
04943
44.879823
-69.520500
04944
44.686891
-69.643928
04945
45.869605
-70.266055
04947
45.049290
-70.268771
04949
44.369093
-69.336000
04950
44.826354
-69.799713
04951
44.607217
-69.071281
04952
44.412796
-69.154791
04953
44.860300
-69.236698
04955
44.647207
-69.993337
04956
44.798568
-70.096757
04957
44.702067
-69.843372
04958
44.896903
-69.917316
04961
45.137862
-70.144096
04962
44.489067
-69.625944
04963
44.560330
-69.857434
04964
44.866916
-70.774098
04965
44.843151
-69.368356
04966
44.814698
-70.427313
04967
44.769837
-69.433753
04969
44.785282
-69.236277
04970
45.007913
-70.618162
04971
44.929680
-69.391278
04973
44.368252
-69.186292
04974
44.470906
-68.928662
04975
44.625354
-69.588334
04976
44.789271
-69.667734
04978
44.641819
-69.799890
04979
44.939380
-69.808142
04981
44.514019
-68.839050
04982
45.098126
-70.430547
04983
44.925633
-70.286451
04984
44.696586
-70.267203
04985
45.369441
-69.931095
04986
44.549460
-69.211292
04987
44.674148
-69.251844
04988
44.570148
-69.362441
04989
44.429335
-69.648294
04992
44.663657
-70.162677
05001
43.672188
-72.380193
05031
43.702743
-72.598360
05032
43.801580
-72.657760
05033
44.012176
-72.158296
05034
43.574523
-72.643233
05035
43.611552
-72.686042
05036
44.023908
-72.587891
05037
43.457741
-72.493459
05038
43.989747
-72.454953
05039
44.063294
-72.313078
05040
44.069894
-72.198721
05041
43.956602
-72.538568
05042
44.222165
-72.096756
05043
43.805093
-72.204671
05045
43.918010
-72.180241
05046
44.232453
-72.257516
05048
43.580615
-72.427711
05050
44.266924
-72.064037
05051
44.104485
-72.121743
05052
43.596986
-72.359722
05053
43.719447
-72.489225
05055
43.777611
-72.323981
05056
43.508851
-72.693755
05058
43.881557
-72.272467
05059
43.637817
-72.427734
05060
43.967072
-72.708604
05061
43.916755
-72.570182
05062
43.496493
-72.599969
05065
43.782477
-72.423363
05067
43.677358
-72.518066
05068
43.780906
-72.547954
05069
44.204072
-72.131204
05070
43.851617
-72.343298
05071
43.561557
-72.546333
05072
43.898745
-72.372069
05075
43.845279
-72.285782
05076
44.141854
-72.230959
05077
43.908796
-72.459306
05079
43.956765
-72.326539
05081
44.122587
-72.065912
05083
43.918899
-72.268095
05084
43.729739
-72.451439
05086
44.108949
-72.300730
05089
43.495591
-72.442313
05091
43.630762
-72.570402
05101
43.182144
-72.493221
05141
43.151168
-72.569224
05142
43.397517
-72.580475
05143
43.277630
-72.640348
05146
43.184942
-72.633977
05148
43.231362
-72.791008
05149
43.380553
-72.712124
05150
43.334435
-72.530792
05151
43.395317
-72.496973
05152
43.233343
-72.938985
05153
43.418436
-72.642552
05154
43.135197
-72.546165
05155
43.193432
-72.815440
05156
43.310627
-72.461623
05158
43.084054
-72.469725
05161
43.321441
-72.802903
05201
42.869211
-73.128516
05250
43.103837
-73.173296
05251
43.264151
-73.063677
05252
43.082047
-73.066766
05253
43.245762
-73.002071
05254
43.152272
-73.061422
05255
43.137652
-73.022415
05257
42.958719
-73.260755
05260
42.820569
-73.274398
05261
42.770286
-73.179047
05262
42.973750
-73.075240
05301
42.838680
-72.659997
05340
43.168946
-72.972386
05341
42.974544
-72.801051
05342
42.777497
-72.794821
05343
43.102664
-72.820014
05345
42.987266
-72.684706
05346
43.037688
-72.536522
05350
42.790943
-72.972640
05352
42.808047
-73.076277
05353
43.082856
-72.681479
05354
42.764133
-72.522086
05355
43.019478
-72.812148
05356
42.975529
-72.864581
05358
42.773345
-72.705469
05359
43.153086
-72.715918
05360
43.000119
-72.946971
05361
42.780694
-72.879131
05362
42.935220
-72.659896
05363
42.882781
-72.893126
05401
44.476621
-73.209998
05403
44.444866
-73.173468
05404
44.495587
-73.184857
05405
44.473735
-73.195610
05408
44.511852
-73.249611
05439
44.494527
-73.165270
05440
44.957882
-73.291974
05441
44.805549
-72.720243
05442
44.757187
-72.671334
05443
44.139443
-73.039930
05444
44.649728
-72.896957
05445
44.309955
-73.220978
05446
44.541259
-73.184415
05447
44.932454
-72.701892
05448
44.750291
-72.900865
05450
44.894578
-72.795246
05452
44.538624
-73.050223
05454
44.710289
-73.028877
05455
44.801687
-72.967393
05456
44.221416
-73.264595
05457
44.958733
-72.922009
05458
44.717847
-73.307486
05459
44.950060
-73.005367
05461
44.332701
-73.087409
05462
44.312539
-72.952108
05463
44.871325
-73.349200
05464
44.646262
-72.818997
05465
44.464175
-72.951057
05468
44.657371
-73.144488
05471
44.828065
-72.578206
05472
44.102761
-73.155209
05473
44.241936
-73.194663
05474
44.835081
-73.225658
05476
44.955228
-72.643138
05477
44.416769
-72.962422
05478
44.808422
-73.082507
05481
44.772921
-73.205391
05482
44.380662
-73.211006
05483
44.889912
-72.963139
05485
44.910022
-72.976662
05486
44.642247
-73.307740
05487
44.210284
-72.993453
05488
44.921329
-73.125393
05489
44.567666
-72.902781
05491
44.111961
-73.310796
05492
44.737637
-72.761773
05494
44.607422
-73.003642
05495
44.429166
-73.096310
05602
44.274988
-72.609514
05640
44.341880
-72.499842
05641
44.188842
-72.472172
05647
44.409482
-72.259129
05648
44.383292
-72.492477
05649
44.166555
-72.346600
05650
44.384616
-72.435941
05651
44.282307
-72.489262
05652
44.723753
-72.610965
05653
44.714895
-72.472740
05654
44.140286
-72.475659
05655
44.624262
-72.570417
05656
44.648124
-72.688840
05657
44.535509
-72.526720
05658
44.364724
-72.354830
05660
44.253995
-72.734479
05661
44.532336
-72.620258
05663
44.147613
-72.691275
05664
44.167173
-72.653138
05667
44.269042
-72.388870
05669
44.065108
-72.729625
05672
44.491806
-72.712611
05673
44.198969
-72.840833
05674
44.112526
-72.874030
05675
44.076165
-72.422633
05676
44.326361
-72.784972
05677
44.408300
-72.709972
05678
44.157314
-72.477642
05679
44.108944
-72.531912
05680
44.540750
-72.471748
05681
44.458081
-72.379134
05682
44.393305
-72.563490
05701
43.624577
-72.910204
05730
43.434532
-72.797518
05732
43.713321
-73.187438
05733
43.810474
-73.090280
05734
43.981724
-73.331937
05735
43.652718
-73.161205
05736
43.619033
-73.013392
05737
43.773182
-72.905860
05738
43.523441
-72.860171
05739
43.342621
-73.000196
05740
43.971751
-73.105275
05742
43.419653
-72.910801
05743
43.677330
-73.304926
05744
43.694013
-73.080457
05747
44.005291
-72.841314
05748
43.905329
-72.918171
05751
43.657594
-72.784406
05753
43.997783
-73.178295
05757
43.480102
-73.123641
05758
43.450789
-72.757786
05759
43.532110
-72.964800
05760
43.800615
-73.289701
05761
43.360927
-73.151758
05762
43.804081
-72.836973
05763
43.730204
-72.995230
05764
43.539935
-73.189193
05765
43.651666
-73.034649
05766
43.984937
-72.996775
05767
43.879408
-72.831685
05769
43.932071
-73.119822
05770
43.881953
-73.324504
05772
43.750797
-72.760914
05773
43.420109
-72.987065
05774
43.442986
-73.191086
05775
43.365956
-73.228386
05776
43.252854
-73.197348
05777
43.556449
-73.048787
05778
43.876421
-73.212536
05819
44.404737
-71.983075
05820
44.763370
-72.316438
05821
44.311345
-72.114854
05822
44.751643
-72.140274
05824
44.439085
-71.826104
05825
44.862501
-72.244465
05826
44.647727
-72.402091
05827
44.676898
-72.362504
05828
44.437504
-72.124822
05829
44.967210
-72.068265
05830
44.972100
-71.986969
05832
44.578331
-71.917490
05833
44.842157
-71.958546
05836
44.511565
-72.266145
05837
44.663810
-71.805296
05839
44.673683
-72.207014
05841
44.607670
-72.288602
05842
44.558929
-72.231568
05843
44.518714
-72.348965
05845
44.800772
-72.290572
05846
44.800887
-71.862687
05847
44.793437
-72.458451
05850
44.541247
-72.014699
05851
44.557132
-72.080590
05853
44.895936
-71.941265
05855
44.927131
-72.192236
05857
44.928911
-72.312700
05858
44.558787
-71.816917
05859
44.966671
-72.443035
05860
44.802660
-72.103996
05862
44.318185
-72.216116
05866
44.640739
-72.110885
05867
44.665071
-72.035973
05868
44.902125
-72.377929
05871
44.689305
-71.936955
05872
44.868527
-72.048033
05873
44.423358
-72.195121
05874
44.883474
-72.484958
05875
44.709849
-72.246956
05901
44.940807
-71.654777
05902
45.009587
-71.487927
05903
44.935091
-71.588009
05904
44.416217
-71.706540
05905
44.702095
-71.679481
05906
44.483097
-71.720449
05907
44.911161
-71.818697
06001
41.787159
-72.852046
06002
41.844930
-72.740951
06010
41.681578
-72.940749
06013
41.749079
-72.948657
06016
41.901899
-72.547432
06018
42.024629
-73.309616
06019
41.857509
-72.902766
06020
41.834617
-72.928722
06021
42.017229
-73.104821
06022
41.865433
-72.927326
06023
41.612592
-72.720093
06024
42.012137
-73.274264
06026
41.929719
-72.745378
06027
42.004930
-72.915700
06029
41.914149
-72.445568
06031
41.955257
-73.316785
06032
41.731051
-72.857096
06033
41.707463
-72.538932
06035
41.960563
-72.804593
06037
41.605451
-72.778497
06039
41.952698
-73.458626
06040
41.761415
-72.525608
06042
41.802645
-72.521039
06043
41.764589
-72.437575
06051
41.665133
-72.769806
06052
41.655606
-72.803134
06053
41.688039
-72.793469
06057
41.841053
-72.998664
06058
41.969922
-73.178483
06059
41.957029
-72.942485
06060
42.014741
-72.859260
06061
41.875600
-72.966840
06062
41.673639
-72.859729
06063
41.925197
-72.971286
06065
41.974681
-73.007663
06066
41.837561
-72.459040
06067
41.656624
-72.661779
06068
42.007238
-73.422228
06069
41.860763
-73.449215
06070
41.875975
-72.809769
06071
41.992633
-72.453725
06073
41.664443
-72.555035
06074
41.838090
-72.577836
06076
41.984442
-72.263453
06078
41.991585
-72.651762
06081
41.902524
-72.773373
06082
41.983993
-72.555553
06084
41.883019
-72.358869
06085
41.748900
-72.889435
06088
41.917911
-72.583371
06089
41.835348
-72.824272
06090
41.946484
-72.863185
06091
42.026452
-72.980213
06092
41.873452
-72.860524
06093
42.013241
-72.717313
06095
41.871037
-72.675082
06096
41.927630
-72.659703
06098
41.956189
-73.086364
06103
41.767208
-72.674257
06105
41.774706
-72.705037
06106
41.748587
-72.696006
06107
41.752304
-72.758098
06108
41.780375
-72.623945
06109
41.702484
-72.669301
06110
41.732684
-72.733605
06111
41.686993
-72.730839
06112
41.793336
-72.695823
06114
41.740854
-72.670695
06117
41.785160
-72.763564
06118
41.748702
-72.609686
06119
41.763421
-72.727208
06120
41.787198
-72.664837
06160
41.766607
-72.691149
06226
41.708238
-72.208549
06231
41.632936
-72.367347
06232
41.732982
-72.374658
06234
41.793886
-71.953265
06235
41.790890
-72.129540
06237
41.693707
-72.305671
06238
41.780212
-72.343758
06239
41.794040
-71.854535
06241
41.853901
-71.847371
06242
41.895590
-72.093304
06243
41.844870
-71.805029
06247
41.767801
-72.075026
06248
41.688585
-72.408671
06249
41.632955
-72.240090
06250
41.772955
-72.198446
06254
41.621212
-72.142609
06255
41.991087
-71.901952
06256
41.732152
-72.157361
06259
41.871502
-71.987646
06260
41.908027
-71.870452
06262
42.019311
-71.948384
06263
41.835236
-71.899848
06264
41.694210
-72.100366
06266
41.673661
-72.172813
06268
41.800444
-72.248030
06269
41.804414
-72.293165
06277
41.958388
-71.843920
06278
41.897123
-72.171427
06279
41.897267
-72.251848
06280
41.690986
-72.130094
06281
41.973476
-72.014137
06282
41.948870
-72.084820
06320
41.348837
-72.102029
06330
41.635570
-72.077527
06331
41.693960
-72.009118
06332
41.731216
-71.902335
06333
41.386032
-72.229092
06334
41.544925
-72.173849
06335
41.434707
-72.058533
06336
41.580577
-72.195867
06339
41.441939
-71.990545
06340
41.354409
-72.040266
06350
41.648508
-72.068444
06351
41.589788
-71.948385
06353
41.464427
-72.149606
06354
41.708767
-71.855386
06355
41.364965
-71.976098
06357
41.327149
-72.215344
06359
41.470969
-71.872525
06360
41.547860
-72.089488
06365
41.518652
-72.006597
06370
41.466982
-72.189275
06371
41.362386
-72.323754
06373
41.677728
-71.796067
06374
41.681913
-71.910936
06375
41.406338
-72.123236
06376
41.294060
-72.253950
06377
41.730545
-71.819313
06378
41.383211
-71.908408
06379
41.363472
-71.853197
06380
41.563417
-72.051631
06382
41.468946
-72.122739
06384
41.579192
-71.831228
06385
41.361730
-72.156576
06387
41.741171
-71.913021
06389
41.564183
-72.129164
06390
41.280247
-71.946653
06401
41.344249
-73.069825
06403
41.443685
-73.051925
06405
41.285097
-72.793518
06409
41.351081
-72.420167
06410
41.511827
-72.903617
06412
41.411728
-72.487146
06413
41.295610
-72.529125
06414
41.572231
-72.552319
06415
41.550291
-72.348616
06416
41.616609
-72.661560
06417
41.367819
-72.477442
06418
41.326124
-73.082574
06419
41.374419
-72.578328
06420
41.489351
-72.258380
06422
41.468922
-72.684525
06423
41.456609
-72.391351
06424
41.560603
-72.502329
06426
41.351136
-72.397164
06437
41.331777
-72.696816
06438
41.455968
-72.504214
06441
41.467705
-72.582163
06442
41.342069
-72.434070
06443
41.344479
-72.624543
06444
41.562682
-72.933236
06447
41.636439
-72.454002
06450
41.535812
-72.775686
06451
41.541906
-72.823409
06455
41.514163
-72.717844
06456
41.516690
-72.553751
06457
41.548611
-72.656784
06460
41.218920
-73.052454
06461
41.239865
-73.075394
06467
41.567845
-72.899757
06468
41.339236
-73.222828
06469
41.510944
-72.443166
06470
41.395083
-73.317663
06471
41.332115
-72.781015
06472
41.382766
-72.775194
06473
41.381465
-72.856371
06475
41.299897
-72.382734
06477
41.284951
-73.024637
06478
41.443752
-73.147943
06479
41.574730
-72.911945
06480
41.598834
-72.589071
06481
41.536737
-72.697938
06482
41.409000
-73.242630
06483
41.385465
-73.083638
06484
41.304577
-73.139215
06488
41.475980
-73.229692
06489
41.614169
-72.869926
06492
41.458657
-72.804516
06498
41.303695
-72.478017
06510
41.306502
-72.926013
06511
41.317022
-72.927244
06512
41.278274
-72.875249
06513
41.318534
-72.869924
06514
41.376803
-72.942752
06515
41.328039
-72.970840
06516
41.272573
-72.964967
06517
41.349440
-72.907149
06518
41.430879
-72.911990
06519
41.293934
-72.932028
06524
41.422964
-72.994187
06525
41.363538
-73.003892
06604
41.182920
-73.208027
06605
41.161599
-73.217622
06606
41.212110
-73.206673
06607
41.170744
-73.168038
06608
41.186475
-73.181251
06610
41.209221
-73.164656
06611
41.267861
-73.213691
06612
41.264945
-73.300479
06614
41.232466
-73.129873
06615
41.171614
-73.132160
06702
41.556461
-73.045886
06704
41.588739
-73.035267
06705
41.548716
-72.994032
06706
41.532212
-73.025096
06708
41.550619
-73.071234
06710
41.569145
-73.045817
06712
41.499247
-72.975634
06716
41.594792
-72.968514
06750
41.723731
-73.268144
06751
41.635759
-73.211422
06752
41.520294
-73.361093
06754
41.775423
-73.362996
06755
41.650558
-73.479353
06756
41.849537
-73.234002
06757
41.743606
-73.459799
06758
41.673734
-73.245748
06759
41.753640
-73.212028
06762
41.530545
-73.121576
06763
41.694323
-73.209998
06770
41.488428
-73.053383
06776
41.601266
-73.422807
06777
41.691307
-73.334403
06778
41.713491
-73.111911
06779
41.596057
-73.081442
06782
41.642653
-73.041508
06783
41.555530
-73.296024
06784
41.576035
-73.491717
06785
41.674388
-73.493966
06786
41.672727
-73.018042
06787
41.671080
-73.085047
06790
41.834072
-73.131409
06791
41.761345
-73.060443
06793
41.633712
-73.288916
06794
41.649454
-73.323557
06795
41.623892
-73.126195
06796
41.866034
-73.342084
06798
41.561632
-73.206096
06801
41.369778
-73.389503
06804
41.469885
-73.393667
06807
41.056732
-73.592023
06810
41.374284
-73.457611
06811
41.422581
-73.478352
06812
41.480318
-73.486863
06820
41.076202
-73.480080
06824
41.173039
-73.280818
06825
41.196583
-73.243254
06830
41.037603
-73.624339
06831
41.088724
-73.658838
06840
41.160393
-73.500124
06850
41.127423
-73.445264
06851
41.138233
-73.401526
06853
41.066116
-73.438002
06854
41.083910
-73.426615
06855
41.084240
-73.394991
06856
41.111223
-73.420860
06870
41.024446
-73.571150
06877
41.320253
-73.498745
06878
41.030093
-73.583719
06880
41.133275
-73.348699
06883
41.227413
-73.367061
06890
41.148565
-73.287780
06896
41.305415
-73.392584
06897
41.211276
-73.440976
06901
41.053591
-73.538170
06902
41.059347
-73.544384
06903
41.136018
-73.571142
06905
41.088370
-73.542914
06906
41.071023
-73.522621
06907
41.100918
-73.520517
07001
40.583961
-74.269704
07002
40.662530
-74.110192
07003
40.809141
-74.187142
07004
40.882508
-74.304593
07005
40.932771
-74.417304
07006
40.851187
-74.282865
07008
40.583790
-74.227457
07009
40.858017
-74.229784
07010
40.822045
-73.987945
07011
40.878256
-74.144073
07012
40.848398
-74.160266
07013
40.869405
-74.173062
07014
40.831339
-74.135419
07016
40.656090
-74.303563
07017
40.772111
-74.207065
07018
40.755829
-74.217824
07020
40.824650
-73.973793
07021
40.828102
-74.276226
07022
40.821110
-74.003032
07023
40.641701
-74.385692
07024
40.850640
-73.971007
07026
40.879797
-74.108250
07027
40.651348
-74.323140
07028
40.804798
-74.204569
07029
40.743620
-74.154901
07030
40.745295
-74.032112
07031
40.786256
-74.126220
07032
40.752332
-74.123093
07033
40.678089
-74.288114
07034
40.879480
-74.380104
07035
40.927501
-74.308334
07036
40.624472
-74.238419
07039
40.785828
-74.329100
07040
40.730785
-74.268919
07041
40.722448
-74.301546
07042
40.812449
-74.217330
07043
40.844837
-74.200502
07044
40.832468
-74.242863
07045
40.909405
-74.363571
07046
40.889726
-74.440329
07047
40.794163
-74.024947
07050
40.768040
-74.235692
07052
40.785755
-74.265058
07054
40.853733
-74.401630
07055
40.857552
-74.129089
07057
40.853084
-74.106323
07058
40.872514
-74.341776
07059
40.634588
-74.519044
07060
40.616667
-74.422042
07062
40.632358
-74.401184
07063
40.605118
-74.444522
07064
40.567422
-74.244933
07065
40.607152
-74.280531
07066
40.620618
-74.315435
07067
40.589329
-74.311415
07068
40.821737
-74.310147
07069
40.642845
-74.436233
07070
40.820314
-74.106041
07071
40.797985
-74.113258
07072
40.826431
-74.062335
07073
40.817097
-74.085024
07074
40.838144
-74.055077
07075
40.850183
-74.087068
07076
40.633029
-74.372899
07077
40.554147
-74.253060
07078
40.742346
-74.334237
07079
40.748811
-74.261512
07080
40.574413
-74.414800
07081
40.697966
-74.334436
07082
40.926913
-74.342511
07083
40.695266
-74.269078
07086
40.767915
-74.020629
07087
40.767352
-74.032313
07088
40.717889
-74.286169
07090
40.651644
-74.343447
07092
40.680722
-74.360292
07093
40.788101
-74.011440
07094
40.781958
-74.067649
07095
40.552857
-74.286939
07102
40.735659
-74.173605
07103
40.738728
-74.195534
07104
40.767713
-74.168350
07105
40.723066
-74.138636
07106
40.741796
-74.230386
07107
40.762918
-74.186559
07108
40.723112
-74.200204
07109
40.793481
-74.161159
07110
40.820616
-74.156250
07111
40.723859
-74.232522
07112
40.709409
-74.209550
07114
40.697424
-74.169886
07201
40.671272
-74.177358
07202
40.652464
-74.216853
07203
40.652211
-74.260158
07204
40.665309
-74.266571
07205
40.695889
-74.228800
07206
40.651629
-74.183991
07208
40.673805
-74.226433
07302
40.719389
-74.046469
07304
40.716502
-74.072599
07305
40.698149
-74.080976
07306
40.734924
-74.071875
07307
40.750880
-74.056854
07310
40.730128
-74.036832
07311
40.719081
-74.032615
07401
41.032669
-74.133826
07403
41.020753
-74.332842
07405
40.987841
-74.378188
07407
40.904526
-74.119514
07410
40.935833
-74.117504
07416
41.112558
-74.599735
07417
41.007526
-74.205653
07418
41.242216
-74.486108
07419
41.152077
-74.565125
07420
41.032270
-74.303164
07421
41.173740
-74.352613
07422
41.182049
-74.444452
07423
40.999500
-74.096583
07424
40.882830
-74.205688
07430
41.082067
-74.183061
07432
40.995809
-74.141262
07435
41.035529
-74.449126
07436
41.031022
-74.240502
07438
41.029594
-74.520815
07439
41.075676
-74.602012
07440
40.946468
-74.293040
07442
41.003095
-74.285455
07444
40.967407
-74.306967
07446
41.059136
-74.145931
07450
40.981591
-74.113506
07452
40.959471
-74.125202
07456
41.102332
-74.273170
07457
40.995812
-74.315119
07458
41.046658
-74.096482
07460
41.111743
-74.495128
07461
41.247022
-74.610522
07462
41.198457
-74.495575
07463
41.013369
-74.125215
07465
41.054895
-74.332905
07470
40.945855
-74.245077
07480
41.088533
-74.376499
07481
40.999093
-74.168849
07495
41.104470
-74.163363
07501
40.911998
-74.170965
07502
40.918573
-74.194089
07503
40.897548
-74.154121
07504
40.912548
-74.141615
07505
40.916327
-74.171643
07506
40.956957
-74.158561
07508
40.955095
-74.183629
07512
40.903415
-74.219779
07513
40.906182
-74.148686
07514
40.926992
-74.143838
07522
40.924959
-74.179096
07524
40.931711
-74.156870
07601
40.889398
-74.045698
07603
40.874293
-74.029737
07604
40.862751
-74.075182
07605
40.863391
-73.988466
07606
40.857844
-74.048569
07607
40.902885
-74.063457
07608
40.853503
-74.060109
07620
40.968782
-73.916896
07621
40.924204
-73.998287
07624
40.972890
-73.960315
07626
40.939786
-73.958581
07627
40.953365
-73.956348
07628
40.945239
-73.992428
07630
40.974990
-74.023248
07631
40.891197
-73.972515
07632
40.889721
-73.941981
07640
40.991681
-73.980202
07641
40.961713
-73.997437
07642
41.009092
-74.043760
07643
40.843431
-74.034239
07644
40.877915
-74.082500
07645
41.054594
-74.047298
07646
40.934161
-74.019453
07647
41.009337
-73.941997
07648
40.992046
-73.950551
07649
40.956651
-74.032858
07650
40.847017
-73.997061
07652
40.947299
-74.070169
07656
41.036183
-74.044293
07657
40.832677
-74.014088
07660
40.854705
-74.019926
07661
40.926766
-74.037468
07662
40.910694
-74.082895
07663
40.903099
-74.093591
07666
40.890317
-74.011478
07670
40.918309
-73.950523
07675
41.003484
-74.001753
07676
40.988306
-74.064693
07677
41.023333
-74.059028
07701
40.361667
-74.078076
07702
40.326450
-74.057373
07703
40.315784
-74.039773
07704
40.361940
-74.038775
07711
40.243948
-74.010475
07712
40.249708
-74.053706
07716
40.401089
-74.032981
07717
40.191418
-74.015105
07718
40.419871
-74.085174
07719
40.168908
-74.073226
07720
40.201604
-74.012056
07721
40.438095
-74.231391
07722
40.280968
-74.168903
07723
40.249701
-73.997458
07724
40.298625
-74.074178
07726
40.282353
-74.346564
07727
40.204387
-74.149275
07728
40.225793
-74.285785
07730
40.425495
-74.176063
07731
40.149537
-74.203987
07732
40.430451
-73.990424
07733
40.374964
-74.173849
07734
40.444152
-74.136812
07735
40.446821
-74.240653
07737
40.412472
-74.065304
07738
40.337907
-74.127066
07739
40.336952
-74.034535
07740
40.295372
-73.989899
07746
40.323490
-74.254572
07747
40.415316
-74.254364
07748
40.396300
-74.115274
07750
40.335895
-73.985608
07751
40.359650
-74.261462
07753
40.214893
-74.078907
07755
40.263635
-74.022877
07756
40.211820
-74.006944
07757
40.316313
-74.015897
07758
40.434236
-74.100665
07760
40.369551
-74.002368
07762
40.153409
-74.033732
07764
40.287904
-74.020019
07801
40.917192
-74.554744
07803
40.878088
-74.601176
07820
40.931361
-74.811743
07821
40.966037
-74.754687
07822
41.138775
-74.708337
07823
40.829451
-75.039497
07825
40.971247
-74.975723
07826
41.193137
-74.778188
07827
41.280958
-74.730511
07828
40.883935
-74.750312
07830
40.719283
-74.794021
07832
40.962550
-75.053441
07833
40.892819
-75.069436
07834
40.887206
-74.490462
07836
40.842413
-74.703258
07838
40.887950
-74.911692
07840
40.854177
-74.835349
07842
40.942135
-74.512095
07843
40.939227
-74.659506
07846
40.965940
-74.877068
07847
40.889346
-74.623879
07848
41.103892
-74.687004
07849
40.970323
-74.607244
07850
40.906858
-74.662035
07851
41.231436
-74.846827
07852
40.883268
-74.668029
07853
40.780755
-74.789238
07856
40.916209
-74.626633
07857
40.897182
-74.700440
07860
41.056862
-74.818595
07863
40.807571
-74.957451
07865
40.793806
-74.898347
07866
40.954863
-74.489076
07869
40.841691
-74.578330
07870
40.803980
-74.819651
07871
41.046696
-74.627989
07874
40.923063
-74.735790
07876
40.854470
-74.657357
07878
40.872517
-74.473827
07880
40.871452
-74.888891
07881
41.120816
-74.890305
07882
40.752640
-75.013787
07885
40.897202
-74.632355
07901
40.714923
-74.366372
07920
40.677383
-74.564513
07921
40.656019
-74.678657
07922
40.676365
-74.424988
07924
40.730384
-74.592602
07926
40.801262
-74.570122
07927
40.821862
-74.454290
07928
40.725986
-74.412612
07930
40.781309
-74.683590
07931
40.690465
-74.662245
07932
40.777242
-74.392943
07933
40.703916
-74.459530
07934
40.722434
-74.674902
07935
40.736004
-74.445887
07936
40.818553
-74.363742
07939
40.667382
-74.553908
07940
40.760175
-74.419181
07945
40.781948
-74.599501
07946
40.677709
-74.508538
07950
40.846026
-74.482314
07960
40.784201
-74.500025
07961
40.780620
-74.432741
07970
40.808084
-74.572929
07974
40.696919
-74.403853
07976
40.728060
-74.479344
07977
40.705193
-74.670080
07979
40.700644
-74.730118
07980
40.680423
-74.488915
07981
40.820383
-74.422418
08001
39.547880
-75.346384
08002
39.931978
-75.027557
08003
39.882703
-74.972036
08004
39.764747
-74.870626
08005
39.767727
-74.312588
08006
39.753907
-74.105155
08007
39.865790
-75.053745
08008
39.542599
-74.298174
08009
39.760656
-74.932860
08010
40.053506
-74.918438
08011
39.972767
-74.712927
08012
39.783815
-75.056068
08014
39.815906
-75.348335
08015
39.931536
-74.543720
08016
40.069521
-74.824196
08019
39.777295
-74.534218
08020
39.797263
-75.225267
08021
39.807270
-75.006883
08022
40.067590
-74.705741
08023
39.686699
-75.496274
08026
39.832872
-74.967175
08027
39.834726
-75.288482
08028
39.695889
-75.121457
08029
39.840937
-75.067211
08030
39.888896
-75.118078
08031
39.866356
-75.094670
08033
39.892421
-75.036651
08034
39.906100
-75.000375
08035
39.879127
-75.065918
08036
39.970571
-74.832206
08037
39.639959
-74.759320
08038
39.470004
-75.490291
08039
39.685659
-75.277309
08041
40.038525
-74.684101
08042
40.015388
-74.662288
08043
39.848570
-74.952843
08045
39.867201
-75.029770
08046
40.027950
-74.886984
08048
39.958855
-74.802478
08049
39.854412
-75.038467
08050
39.712132
-74.231888
08051
39.784025
-75.175979
08052
39.952381
-74.994896
08053
39.856677
-74.900810
08054
39.948992
-74.900247
08055
39.862695
-74.822311
08056
39.783669
-75.255275
08057
39.979658
-74.941308
08059
39.884825
-75.092667
08060
40.007737
-74.790088
08061
39.798870
-75.205365
08062
39.716096
-75.219265
08063
39.867297
-75.185621
08064
39.961932
-74.640293
08065
40.002615
-75.035273
08066
39.834292
-75.228355
08067
39.739193
-75.411406
08068
39.961394
-74.665922
08069
39.699258
-75.445180
08070
39.619125
-75.516069
08071
39.731894
-75.133534
08072
39.544308
-75.418704
08073
40.009546
-74.866820
08074
39.716166
-75.163440
08075
40.029676
-74.948997
08077
40.000162
-74.991632
08078
39.853411
-75.075502
08079
39.542408
-75.431684
08080
39.757353
-75.122043
08081
39.732942
-74.976657
08083
39.841265
-75.028593
08084
39.828981
-75.015533
08085
39.761162
-75.324109
08086
39.854728
-75.198686
08087
39.590573
-74.375171
08088
39.851467
-74.693412
08089
39.721197
-74.826654
08090
39.799072
-75.150698
08091
39.807116
-74.924178
08092
39.647182
-74.284599
08093
39.864651
-75.137475
08094
39.650587
-74.959292
08095
39.649298
-74.858006
08096
39.825940
-75.126815
08097
39.813290
-75.150650
08098
39.639301
-75.329801
08102
39.952558
-75.120999
08103
39.935834
-75.113921
08104
39.916435
-75.113179
08105
39.950340
-75.096278
08106
39.891520
-75.074085
08107
39.907844
-75.083537
08108
39.914668
-75.060862
08109
39.951321
-75.050123
08110
39.971893
-75.057876
08201
39.423563
-74.493025
08202
39.095265
-74.731415
08203
39.425627
-74.392933
08204
38.971104
-74.920999
08205
39.482877
-74.452140
08210
39.121750
-74.834430
08212
38.933446
-74.953895
08215
39.586506
-74.563656
08217
39.574192
-74.719915
08221
39.343718
-74.571049
08223
39.278750
-74.655703
08224
39.606129
-74.466637
08225
39.362668
-74.541483
08226
39.263791
-74.607737
08230
39.207938
-74.723604
08232
39.387525
-74.515196
08234
39.388393
-74.620728
08240
39.488059
-74.533973
08241
39.534798
-74.476099
08242
39.018576
-74.888905
08243
39.151013
-74.696319
08244
39.318968
-74.588458
08246
39.180965
-74.765806
08247
39.052267
-74.783628
08248
39.195541
-74.656952
08251
39.027715
-74.929514
08260
38.998347
-74.843302
08270
39.271779
-74.785972
08302
39.438613
-75.260646
08310
39.531437
-74.896810
08311
39.327866
-75.204035
08312
39.663736
-75.077505
08314
39.221854
-74.940368
08316
39.269532
-74.949689
08317
39.400688
-74.829634
08318
39.557653
-75.177717
08319
39.370409
-74.810816
08320
39.385080
-75.160600
08321
39.223596
-75.143169
08322
39.611102
-75.048771
08323
39.396273
-75.367551
08324
39.214626
-74.996612
08326
39.537676
-74.928270
08327
39.251531
-74.962812
08328
39.578361
-75.058737
08329
39.275992
-75.007675
08330
39.481603
-74.737407
08332
39.377041
-75.023374
08340
39.438634
-74.883784
08341
39.525424
-74.953020
08343
39.636348
-75.167560
08344
39.561745
-74.986037
08345
39.282427
-75.160409
08346
39.568265
-74.849166
08348
39.309933
-74.971365
08349
39.273865
-75.071307
08350
39.493001
-74.891820
08352
39.475732
-75.127980
08353
39.462418
-75.292440
08360
39.494482
-75.005770
08361
39.449369
-74.958827
08401
39.384718
-74.450577
08402
39.326385
-74.504473
08403
39.318497
-74.542405
08406
39.341560
-74.480862
08501
40.163952
-74.566233
08502
40.448217
-74.653244
08505
40.103090
-74.733573
08510
40.191477
-74.416813
08511
40.042379
-74.557037
08512
40.324357
-74.525526
08514
40.134246
-74.491742
08515
40.119177
-74.662894
08518
40.115428
-74.802088
08520
40.258126
-74.539310
08525
40.397716
-74.779520
08527
40.108665
-74.358602
08528
40.387108
-74.618915
08530
40.370020
-74.910161
08533
40.071031
-74.500141
08534
40.329422
-74.792789
08535
40.244447
-74.431604
08536
40.332267
-74.581026
08540
40.363010
-74.655321
08542
40.352953
-74.660341
08550
40.280155
-74.614641
08551
40.447111
-74.837285
08553
40.400347
-74.638922
08554
40.117217
-74.777844
08555
40.218286
-74.470792
08558
40.413411
-74.703745
08559
40.429224
-74.979064
08560
40.315730
-74.857279
08561
40.251205
-74.581392
08562
40.061957
-74.591878
08608
40.219297
-74.767770
08609
40.225747
-74.740906
08610
40.191174
-74.716603
08611
40.183615
-74.740319
08618
40.249340
-74.789968
08619
40.242301
-74.696408
08620
40.170048
-74.651278
08628
40.264418
-74.827047
08629
40.220669
-74.731201
08638
40.254018
-74.763385
08640
40.004416
-74.591269
08641
40.020342
-74.590238
08648
40.284490
-74.717487
08690
40.224505
-74.660279
08691
40.208731
-74.592097
08701
40.077069
-74.198510
08720
40.135366
-74.098050
08721
39.902019
-74.152669
08722
39.928405
-74.202189
08723
40.038584
-74.111600
08724
40.086235
-74.110850
08730
40.105375
-74.063421
08731
39.865669
-74.258864
08732
39.941804
-74.143842
08733
40.023715
-74.320874
08734
39.863814
-74.170143
08735
39.982271
-74.072918
08736
40.120018
-74.053257
08738
40.022724
-74.059040
08740
39.929146
-74.137504
08741
39.937631
-74.169158
08742
40.080812
-74.059117
08750
40.133372
-74.041501
08751
39.951907
-74.088150
08752
39.842467
-74.093447
08753
39.979031
-74.160429
08755
40.008534
-74.221768
08757
39.946191
-74.254862
08758
39.778247
-74.235813
08759
39.975128
-74.344181
08801
40.622794
-74.886324
08802
40.671021
-75.018015
08804
40.646656
-75.095760
08805
40.575282
-74.534668
08807
40.592434
-74.618840
08808
40.732130
-75.049029
08809
40.651841
-74.934196
08810
40.368285
-74.490999
08812
40.598731
-74.478793
08816
40.429119
-74.416287
08817
40.514655
-74.393104
08820
40.576806
-74.365750
08821
40.520045
-74.685662
08822
40.524836
-74.865225
08823
40.438609
-74.565211
08824
40.422087
-74.553236
08825
40.514189
-75.027157
08826
40.716574
-74.912125
08827
40.668426
-74.968377
08828
40.378417
-74.423384
08829
40.668829
-74.894745
08830
40.569594
-74.314925
08831
40.319482
-74.428785
08832
40.517205
-74.306764
08833
40.645542
-74.816261
08835
40.541269
-74.589273
08836
40.596376
-74.557320
08837
40.513105
-74.344075
08840
40.543139
-74.358981
08844
40.497692
-74.670505
08846
40.574627
-74.498259
08848
40.590685
-75.088221
08850
40.446779
-74.440293
08852
40.388227
-74.549522
08853
40.529933
-74.742314
08854
40.545539
-74.460720
08857
40.392789
-74.330397
08858
40.682681
-74.737038
08859
40.458848
-74.302768
08861
40.520494
-74.272943
08863
40.527022
-74.314470
08865
40.708226
-75.147073
08867
40.574456
-74.966101
08869
40.571344
-74.646026
08872
40.444335
-74.356884
08873
40.496619
-74.532009
08876
40.589554
-74.685411
08879
40.466410
-74.278625
08880
40.553947
-74.527455
08882
40.445652
-74.378459
08884
40.397600
-74.389592
08886
40.687640
-75.100726
08887
40.521306
-74.794882
08889
40.609021
-74.754216
08890
40.539047
-74.575409
08901
40.483638
-74.442460
08902
40.439159
-74.484398
08904
40.500795
-74.427911
