30002
33.773335
-84.261667
30004
34.145635
-84.291881
30005
34.089050
-84.217019
30008
33.900567
-84.590924
30009
34.079085
-84.305206
30011
34.019859
-83.837163
30012
33.717806
-84.002515
30013
33.645170
-83.972188
30014
33.580062
-83.823102
30016
33.517433
-83.928703
30017
33.890533
-83.961879
30019
33.975610
-83.883747
30021
33.806929
-84.237588
30022
34.026085
-84.247433
30024
34.063485
-84.091100
30025
33.655902
-83.696581
30028
34.293159
-84.175907
30030
33.771947
-84.290270
30032
33.740668
-84.264466
30033
33.811659
-84.283230
30034
33.690867
-84.248622
30035
33.724452
-84.204244
30038
33.666460
-84.139855
30039
33.799244
-84.034408
30040
34.210349
-84.187794
30041
34.198745
-84.101943
30043
33.999036
-84.009343
30044
33.915234
-84.063923
30045
33.936518
-83.927669
30046
33.949702
-83.993451
30047
33.870148
-84.112326
30052
33.815151
-83.893561
30054
33.673250
-83.871806
30055
33.497411
-83.749784
30056
33.500250
-83.659584
30058
33.738350
-84.107376
30060
33.925711
-84.541608
30062
34.006497
-84.472974
30064
33.940455
-84.609708
30066
34.032388
-84.505154
30067
33.934278
-84.462185
30068
33.968116
-84.431704
30070
33.574432
-83.894702
30071
33.940652
-84.206734
30072
33.791410
-84.204844
30075
34.052688
-84.391587
30076
34.028568
-84.311368
30078
33.861019
-84.017993
30079
33.792055
-84.257369
30080
33.869434
-84.496384
30082
33.854654
-84.536437
30083
33.797412
-84.197984
30084
33.854097
-84.216155
30087
33.805802
-84.126929
30088
33.756052
-84.182363
30092
33.972386
-84.231986
30093
33.908536
-84.177349
30094
33.612505
-84.051523
30096
33.974302
-84.145384
30097
34.026342
-84.145978
30101
34.034515
-84.707349
30102
34.110194
-84.631394
30103
34.366336
-84.917546
30104
34.087138
-85.056489
30105
34.432548
-85.172442
30106
33.839078
-84.628210
30107
34.336291
-84.345793
30108
33.531700
-85.262996
30110
33.744459
-85.135625
30113
33.850746
-85.205308
30114
34.247813
-84.524509
30115
34.204092
-84.400462
30116
33.539118
-84.995610
30117
33.581851
-85.132439
30118
33.572388
-85.103620
30120
34.167879
-84.852014
30121
34.209221
-84.778006
30122
33.766909
-84.641356
30124
34.133736
-85.345827
30125
34.000642
-85.276805
30126
33.815023
-84.553798
30127
33.874556
-84.694713
30132
33.996264
-84.845086
30134
33.777520
-84.781390
30135
33.672278
-84.733011
30137
34.126009
-84.760960
30139
34.432341
-84.705495
30141
33.860480
-84.769887
30143
34.459958
-84.431752
30144
34.036845
-84.591033
30145
34.245660
-84.985878
30147
34.150627
-85.208239
30148
34.458792
-84.258613
30149
34.309754
-85.226015
30152
33.991552
-84.646878
30153
33.959882
-85.054452
30157
33.884746
-84.871949
30161
34.242301
-85.171371
30164
33.395983
-83.834243
30165
34.302906
-85.269106
30168
33.783542
-84.588106
30170
33.429230
-85.169473
30171
34.343395
-84.726262
30173
34.133121
-85.153505
30175
34.534915
-84.526711
30176
33.766844
-85.301029
30177
34.411352
-84.377919
30178
34.095453
-84.971074
30179
33.781553
-85.014782
30180
33.718878
-84.918801
30182
33.655819
-85.248832
30183
34.338804
-84.602425
30184
34.252070
-84.741006
30185
33.519802
-84.918098
30187
33.662549
-84.847233
30188
34.123533
-84.457654
30189
34.124224
-84.570679
30204
33.056208
-84.121725
30205
33.267427
-84.475138
30206
33.096058
-84.458228
30213
33.589297
-84.636762
30214
33.490464
-84.485997
30215
33.391613
-84.456432
30216
33.228834
-83.884863
30217
33.281876
-85.133864
30218
33.129318
-84.587178
30220
33.225468
-84.823454
30222
33.044355
-84.743495
30223
33.288794
-84.279919
30224
33.204430
-84.239736
30228
33.404147
-84.307350
30230
33.164490
-84.920565
30233
33.292157
-83.969544
30234
33.324024
-84.031390
30236
33.524478
-84.325439
30238
33.493294
-84.379160
30240
33.036764
-85.120092
30241
33.022342
-84.949512
30248
33.351568
-84.106002
30250
33.436535
-84.314213
30251
33.198174
-84.698112
30252
33.473512
-84.057165
30253
33.448926
-84.183570
30256
33.007484
-84.309900
30257
33.143414
-84.186220
30258
32.972488
-84.449100
30259
33.266198
-84.737458
30260
33.584687
-84.327348
30263
33.388415
-84.858937
30265
33.418686
-84.713164
30268
33.546430
-84.722632
30269
33.391887
-84.570656
30273
33.583798
-84.271027
30274
33.554561
-84.399687
30275
33.437124
-84.874183
30276
33.267076
-84.568654
30277
33.375308
-84.649196
30281
33.567898
-84.193388
30284
33.342850
-84.288992
30285
32.987673
-84.258191
30286
32.879167
-84.330566
30288
33.652831
-84.327109
30289
33.322887
-84.633870
30290
33.476407
-84.589709
30291
33.575891
-84.543792
30292
33.168489
-84.393225
30293
32.976649
-84.611505
30294
33.636692
-84.264986
30295
33.090279
-84.310405
30296
33.563160
-84.441157
30297
33.615841
-84.373002
30303
33.753271
-84.389938
30305
33.835696
-84.389116
30306
33.788140
-84.352625
30307
33.771079
-84.333600
30308
33.771127
-84.378108
30309
33.799896
-84.385800
30310
33.726586
-84.425995
30311
33.723262
-84.475994
30312
33.744724
-84.375241
30313
33.764558
-84.397335
30314
33.757490
-84.431948
30315
33.702741
-84.382853
30316
33.711546
-84.331796
30317
33.747989
-84.315586
30318
33.792334
-84.447713
30319
33.875954
-84.334763
30322
33.793594
-84.326128
30324
33.818405
-84.358175
30326
33.849518
-84.363971
30327
33.869694
-84.417300
30328
33.932538
-84.385947
30329
33.827487
-84.323013
30331
33.705433
-84.544076
30332
33.778271
-84.404537
30334
33.748855
-84.387243
30336
33.738375
-84.567600
30337
33.640147
-84.450081
30338
33.946218
-84.318119
30339
33.876174
-84.462357
30340
33.896768
-84.252292
30341
33.888505
-84.289532
30342
33.882179
-84.375289
30344
33.676636
-84.461601
30345
33.851652
-84.283685
30346
33.924252
-84.338855
30349
33.622488
-84.523908
30350
33.980254
-84.330016
30354
33.661498
-84.386895
30360
33.933885
-84.272034
30363
33.791004
-84.398978
30401
32.599617
-82.352575
30410
32.188589
-82.513470
30411
32.128124
-82.794380
30412
32.078922
-82.490792
30413
32.888980
-82.510648
30415
32.324484
-81.603497
30417
32.170468
-81.920992
30420
32.288422
-82.152736
30421
32.179599
-82.107566
30423
32.148806
-81.830641
30425
32.687392
-81.986046
30426
33.035037
-81.628674
30427
31.922905
-81.962446
30428
32.224545
-82.715130
30429
32.165446
-81.936169
30434
33.025668
-82.383791
30436
32.154894
-82.293036
30438
32.165397
-82.020504
30439
32.405986
-82.079058
30441
32.796413
-82.228334
30442
32.799793
-81.983529
30445
32.163934
-82.588515
30446
32.563486
-81.463016
30448
32.488240
-82.363384
30449
32.515224
-81.561033
30450
32.562251
-81.923131
30451
32.390725
-81.952417
30452
32.325315
-81.888781
30453
32.011133
-82.121758
30454
32.436077
-82.730358
30455
32.690978
-81.802282
30456
32.980717
-81.796140
30457
32.400272
-82.567512
30458
32.399447
-81.828940
30460
32.418921
-81.781662
30461
32.511828
-81.718844
30464
32.437229
-82.224961
30467
32.753793
-81.603534
30470
32.368714
-82.555438
30471
32.543263
-82.180910
30473
32.016897
-82.468830
30474
32.238578
-82.417773
30475
32.224698
-82.368594
30477
32.861525
-82.401582
30501
34.319043
-83.814422
30504
34.268204
-83.893289
30506
34.346938
-83.895627
30507
34.247480
-83.773879
30510
34.444872
-83.570707
30511
34.449686
-83.486693
30512
34.856753
-83.967998
30513
34.821043
-84.322383
30516
34.380913
-83.030697
30517
34.130296
-83.797289
30518
34.130846
-84.027398
30519
34.087409
-83.945058
30520
34.339924
-83.082702
30521
34.362448
-83.292322
30522
34.796079
-84.341496
30523
34.713154
-83.551309
30525
34.907223
-83.369347
30527
34.480905
-83.781846
30528
34.621918
-83.794620
30529
34.217179
-83.482653
30530
34.222921
-83.393799
30531
34.512602
-83.592206
30533
34.563478
-84.020053
30534
34.431100
-84.144329
30535
34.573655
-83.574769
30536
34.652002
-84.359442
30537
34.976125
-83.320199
30538
34.500986
-83.263844
30540
34.728127
-84.543528
30541
34.912907
-84.539103
30542
34.179847
-83.910081
30543
34.290463
-83.649536
30545
34.762318
-83.762118
30546
34.898796
-83.696585
30547
34.362021
-83.455617
30548
34.091064
-83.767043
30549
34.107959
-83.577478
30552
34.770857
-83.443724
30553
34.443769
-83.084137
30554
34.398088
-83.661905
30555
34.971217
-84.436342
30557
34.479752
-83.184905
30558
34.272540
-83.562688
30559
34.957860
-84.274335
30560
34.876771
-84.204706
30562
34.921479
-83.381098
30563
34.567865
-83.454897
30564
34.471046
-83.887074
30565
34.086204
-83.411482
30566
34.236212
-83.895210
30567
34.180798
-83.676554
30568
34.959483
-83.432792
30571
34.707523
-83.694014
30572
34.735793
-84.072507
30573
34.749867
-83.416673
30575
34.207594
-83.713441
30576
34.834589
-83.452139
30577
34.552419
-83.325929
30581
34.795248
-83.423725
30582
34.956451
-83.909790
30601
33.999151
-83.346993
30602
33.943919
-83.373855
30605
33.905911
-83.323577
30606
33.937552
-83.424960
30607
34.017305
-83.447551
30609
33.949464
-83.382007
30619
33.855797
-83.244711
30620
33.929472
-83.758457
30621
33.791462
-83.492132
30622
33.924477
-83.517989
30623
33.726758
-83.541819
30624
34.186246
-83.044149
30625
33.520284
-83.333530
30627
33.972176
-82.963748
30628
34.028875
-83.213297
30629
34.076932
-83.110117
30630
33.913366
-83.147300
30631
33.559319
-82.875272
30633
34.180903
-83.249172
30634
34.195694
-82.945483
30635
34.105769
-82.793148
30641
33.778357
-83.574025
30642
33.554175
-83.194404
30643
34.363500
-82.908781
30646
34.085104
-83.299382
30648
33.880703
-83.044830
30650
33.583689
-83.473544
30655
33.781688
-83.696095
30656
33.862137
-83.716175
30660
33.789216
-82.951866
30662
34.267311
-83.154100
30663
33.615454
-83.600300
30664
33.556259
-82.798319
30665
33.542620
-83.062914
30666
33.962081
-83.584612
30667
33.776347
-83.145330
30668
33.895747
-82.697208
30669
33.676402
-83.117743
30673
33.710745
-82.713931
30677
33.783202
-83.373342
30678
33.453336
-83.065445
30680
33.996386
-83.699550
30683
33.946841
-83.257109
30701
34.492384
-84.958336
30705
34.744142
-84.731404
30707
34.771847
-85.359210
30708
34.961786
-84.664588
30710
34.953194
-84.911171
30711
34.919405
-84.701854
30720
34.733645
-85.000824
30721
34.788636
-84.916082
30725
34.924777
-85.352675
30726
34.976243
-85.139577
30728
34.684875
-85.225790
30730
34.348052
-85.417499
30731
34.587768
-85.477364
30733
34.414593
-85.050554
30734
34.532804
-84.714916
30735
34.602883
-84.882661
30736
34.904278
-85.135748
30738
34.796552
-85.480936
30739
34.805931
-85.215984
30740
34.757276
-85.072036
30741
34.952695
-85.281295
30742
34.950583
-85.243239
30746
34.577084
-85.027274
30747
34.502597
-85.302791
30750
34.941410
-85.388229
30751
34.984504
-84.732690
30752
34.914982
-85.537961
30753
34.582280
-85.285800
30755
34.868030
-85.042750
30756
34.897650
-84.977052
30757
34.935801
-85.441516
30802
33.601366
-82.299936
30803
33.133462
-82.549151
30805
33.279569
-82.191791
30807
33.457408
-82.648621
30808
33.384114
-82.391923
30809
33.558527
-82.171185
30810
33.235661
-82.589853
30812
33.367233
-82.028573
30813
33.471668
-82.220051
30814
33.437101
-82.308527
30815
33.287356
-82.090175
30816
33.156174
-82.166271
30817
33.778388
-82.430194
30818
33.276427
-82.338966
30820
33.217572
-82.709869
30821
33.492107
-82.737994
30822
32.926337
-81.852686
30823
33.226005
-82.453380
30824
33.512953
-82.514855
30828
33.368038
-82.656312
30830
33.079811
-81.975337
30833
33.191250
-82.353132
30901
33.437213
-81.956156
30903
33.490148
-82.162688
30904
33.478289
-82.014102
30905
33.415160
-82.142573
30906
33.346732
-81.967703
30907
33.523712
-82.085665
30909
33.470481
-82.083045
30912
33.470510
-81.988094
31001
31.976256
-83.339665
31002
32.554049
-82.595322
31003
32.606281
-83.212516
31005
32.544201
-83.597459
31006
32.580720
-84.250737
31007
32.188514
-83.927321
31008
32.665358
-83.786003
31009
32.281608
-83.019789
31011
32.131438
-83.083021
31012
32.394344
-83.173715
31014
32.415886
-83.349077
31015
31.935000
-83.774945
31016
32.842251
-84.115961
31017
32.621094
-83.232220
31018
32.977092
-82.627586
31019
32.424244
-83.051342
31020
32.690507
-83.498578
31021
32.493466
-82.943074
31022
32.511540
-83.116631
31023
32.183174
-83.199476
31024
33.320918
-83.375490
31025
32.335837
-83.741003
31027
32.581117
-82.804219
31028
32.631201
-83.696301
31029
33.040316
-83.934522
31030
32.570683
-83.890124
31031
32.866286
-83.328340
31032
33.011370
-83.567472
31033
33.079307
-83.434007
31035
32.845795
-82.696035
31036
32.282069
-83.523212
31037
32.102890
-83.036043
31038
33.133747
-83.646996
31039
32.594346
-84.387079
31041
32.358995
-84.258436
31042
32.761346
-83.176859
31044
32.656173
-83.390884
31045
33.280835
-82.785442
31046
33.054336
-83.796088
31047
32.467280
-83.595342
31049
32.686436
-82.525311
31050
32.739657
-83.955974
31051
32.155877
-83.886797
31052
32.789015
-83.840075
31054
32.889861
-83.214067
31055
32.005073
-82.900735
31057
32.435000
-83.936561
31058
32.488651
-84.410396
31060
31.975665
-83.063507
31061
33.077282
-83.246171
31062
33.046624
-83.215582
31063
32.288966
-83.963260
31064
33.286454
-83.702299
31065
32.550166
-83.163351
31066
32.811050
-84.014758
31067
32.860339
-82.936674
31068
32.328618
-84.117049
31069
32.440068
-83.748603
31070
32.186580
-83.789771
31071
32.129447
-83.540846
31072
31.974465
-83.566840
31075
32.351617
-82.956349
31076
32.538870
-84.110141
31077
31.921144
-83.198370
31078
32.694814
-84.075661
31079
31.942896
-83.458767
31081
32.419084
-84.281754
31082
32.996417
-82.903117
31083
32.040351
-82.814353
31084
31.961703
-83.607862
31085
33.427349
-83.627700
31087
33.251362
-83.001031
31088
32.578421
-83.653876
31089
32.850766
-82.860314
31090
32.829701
-83.068196
31091
32.237927
-83.704527
31092
32.090962
-83.785552
31093
32.647873
-83.657206
31094
33.113614
-82.795759
31096
32.723279
-82.707269
31097
32.890411
-84.166895
31098
32.614215
-83.568560
31201
32.806321
-83.617860
31204
32.848511
-83.674745
31206
32.792095
-83.683940
31207
32.828443
-83.649135
31210
32.907633
-83.735052
31211
32.901115
-83.576267
31213
32.840081
-83.639350
31216
32.729664
-83.685340
31217
32.844147
-83.500044
31220
32.872083
-83.809833
31301
31.750630
-81.602332
31302
32.121597
-81.341872
31303
32.505422
-81.313427
31304
31.510772
-81.354554
31305
31.396816
-81.393957
31307
32.172843
-81.398602
31308
32.180316
-81.471290
31309
31.879947
-81.437643
31312
32.307622
-81.403840
31313
31.844813
-81.612525
31314
31.870095
-81.631850
31315
31.892873
-81.588978
31316
31.723569
-81.714287
31318
32.142025
-81.371941
31320
31.765504
-81.368411
31321
32.185062
-81.659794
31322
32.109885
-81.255465
31323
31.687492
-81.427667
31324
31.850203
-81.264824
31326
32.295200
-81.229931
31327
31.467932
-81.248703
31328
32.011160
-80.865592
31329
32.427261
-81.350003
31331
31.511710
-81.443246
31401
32.074408
-81.089164
31404
32.051554
-81.049337
31405
32.039402
-81.179112
31406
31.980404
-81.085184
31407
32.186164
-81.192785
31408
32.117511
-81.184146
31409
32.015561
-81.144830
31410
32.028750
-80.992680
31411
31.943090
-81.034687
31415
32.077639
-81.122410
31419
31.997176
-81.230724
31501
31.223623
-82.350198
31503
31.202704
-82.417115
31510
31.545485
-82.440693
31512
31.545696
-83.018356
31513
31.777050
-82.347726
31516
31.309371
-82.253260
31518
31.512607
-82.185093
31519
31.684697
-82.879186
31520
31.180919
-81.493973
31522
31.257252
-81.342026
31523
31.225545
-81.628479
31524
31.240597
-81.473387
31525
31.321100
-81.526435
31527
31.066990
-81.433275
31532
31.722070
-82.758822
31533
31.562738
-82.829020
31535
31.459532
-82.867507
31537
30.885179
-82.005027
31539
31.831700
-82.605344
31542
31.142701
-82.119407
31543
31.334089
-81.828853
31544
31.840482
-82.963883
31545
31.663955
-81.934173
31546
31.509732
-81.777340
31547
30.790547
-81.559737
31548
30.796163
-81.698233
31549
31.921441
-82.729933
31550
31.147080
-82.595623
31551
31.495821
-82.273207
31552
31.289898
-82.599146
31553
31.181703
-81.972103
31554
31.485797
-82.620517
31555
31.705666
-82.080662
31556
31.413937
-82.111734
31557
31.375274
-82.098837
31558
30.744462
-81.654128
31560
31.499205
-82.021183
31561
31.209066
-81.309933
31562
30.515568
-82.231942
31563
31.751319
-82.181464
31565
31.067104
-81.632253
31566
31.182755
-81.805594
31567
31.630886
-82.706228
31568
31.013390
-81.819102
31569
30.896531
-81.697128
31601
30.775522
-83.333600
31602
30.868160
-83.342350
31605
30.935963
-83.201226
31606
30.806085
-83.190044
31620
31.117296
-83.434236
31622
31.378727
-83.194291
31623
31.074434
-82.644004
31624
31.296189
-82.730338
31625
30.992647
-83.533505
31626
30.778489
-83.796406
31627
31.043183
-83.392615
31629
30.816844
-83.689394
31630
30.950818
-82.876732
31631
30.714328
-82.765742
31632
30.987018
-83.360313
31634
31.042485
-82.767459
31635
31.096894
-83.048473
31636
30.730986
-83.111372
31637
31.295961
-83.440219
31638
30.906417
-83.512186
31639
31.216548
-83.190727
31641
30.919570
-83.092297
31642
31.262789
-82.883197
31643
30.773089
-83.556898
31645
31.060719
-83.218688
31647
31.208842
-83.427337
31648
30.706508
-83.019006
31649
30.963885
-82.995472
31650
31.395823
-83.025392
31698
30.848944
-83.289570
31699
30.974901
-83.205221
31701
31.552695
-84.159214
31705
31.516890
-84.042942
31707
31.586919
-84.206431
31709
32.064806
-84.123242
31711
32.191128
-84.130077
31712
31.835292
-83.709156
31714
31.720250
-83.693961
31716
31.358537
-84.127936
31719
32.090308
-84.310747
31720
30.878154
-83.724572
31721
31.525260
-84.301465
31722
31.067453
-83.622768
31730
31.194884
-84.310924
31733
31.593190
-83.489763
31735
31.969555
-83.973306
31738
31.012669
-83.871864
31743
31.908396
-83.991153
31744
31.341346
-83.901613
31747
31.176703
-83.587067
31749
31.413590
-83.327184
31750
31.736465
-83.215037
31756
31.183017
-83.965760
31757
30.871395
-83.903125
31763
31.750045
-84.139141
31764
31.976312
-84.088839
31765
31.087551
-84.027154
31768
31.189103
-83.841107
31771
31.248156
-83.654159
31772
31.724154
-83.961027
31773
30.973428
-84.048091
31774
31.565466
-83.263747
31775
31.330841
-83.598579
31778
30.974992
-83.700075
31779
31.108022
-84.211198
31780
32.031870
-84.388811
31781
31.560566
-83.796317
31783
31.758976
-83.470125
31784
31.247250
-84.036670
31787
31.899179
-84.243318
31788
31.111441
-83.676797
31789
31.479734
-83.739835
31790
31.652476
-83.577968
31791
31.528949
-83.894253
31792
30.770798
-84.043704
31793
31.462602
-83.593815
31794
31.445872
-83.452667
31795
31.473599
-83.687414
31796
31.770118
-83.856468
31798
31.613378
-83.065969
31801
32.519338
-84.594755
31803
32.285466
-84.493596
31804
32.664402
-84.878409
31805
32.263056
-84.739509
31806
32.263444
-84.322708
31807
32.638230
-84.800836
31808
32.631102
-85.013200
31810
32.568261
-84.524881
31811
32.737356
-84.937436
31812
32.640049
-84.402776
31814
32.214886
-84.844165
31815
32.029792
-84.844823
31816
32.881465
-84.608150
31820
32.579414
-84.824682
31821
32.116128
-84.963449
31822
32.864979
-84.910348
31823
32.810641
-84.822587
31824
32.051196
-84.519089
31825
32.116195
-84.670900
31826
32.792963
-84.703286
31827
32.686718
-84.521816
31829
32.562698
-84.731611
31830
32.900708
-84.729063
31831
32.685573
-84.706837
31832
31.958169
-84.614896
31833
32.842900
-85.091845
31836
32.796402
-84.535090
31901
32.465313
-84.980285
31903
32.414148
-84.954244
31904
32.554344
-85.009468
31905
32.378795
-84.906850
31906
32.467811
-84.950173
31907
32.482037
-84.901475
31909
32.548807
-84.924106
32003
30.095584
-81.710162
32008
29.926138
-82.914234
32009
30.422502
-81.973824
32011
30.571111
-81.839579
32024
30.091953
-82.731070
32025
30.107103
-82.579118
32026
30.054149
-82.181681
32033
29.788112
-81.434324
32034
30.609692
-81.491720
32038
29.935072
-82.692010
32040
30.243515
-82.238887
32043
29.937039
-81.732587
32044
29.859458
-82.169415
32046
30.701152
-81.916587
32052
30.486131
-82.936084
32053
30.575476
-83.126068
32054
30.033807
-82.394253
32055
30.270103
-82.624130
32058
30.107546
-82.106933
32059
30.384943
-83.255970
32060
30.274413
-83.036329
32061
30.097553
-82.510313
32062
30.137457
-82.978338
32063
30.247670
-82.112978
32064
30.295625
-82.984108
32065
30.152238
-81.797016
32066
30.039764
-83.205806
32068
30.083283
-81.891075
32071
30.058101
-82.955828
32072
30.188160
-82.424491
32073
30.169821
-81.739144
32079
29.977993
-81.807021
32080
29.818745
-81.272860
32081
30.125759
-81.410656
32082
30.125226
-81.369578
32083
30.114597
-82.232781
32084
29.918419
-81.367545
32086
29.766738
-81.306370
32087
30.377434
-82.280460
32091
29.927657
-82.128944
32092
29.939825
-81.508406
32094
30.188113
-82.821372
32095
30.022752
-81.406577
32096
30.387627
-82.875853
32097
30.661202
-81.618793
32102
29.137291
-81.546429
32110
29.428804
-81.339209
32112
29.431746
-81.565573
32113
29.409977
-82.089218
32114
29.192391
-81.046760
32117
29.235588
-81.063969
32118
29.209639
-81.002321
32119
29.160962
-81.025593
32124
29.170765
-81.141151
32127
29.106272
-80.973670
32128
29.100739
-81.071829
32129
29.136974
-81.023957
32130
29.171002
-81.341043
32131
29.684293
-81.562375
32132
28.980108
-80.920894
32133
29.020177
-81.909262
32134
29.385007
-81.837948
32136
29.463763
-81.147395
32137
29.581521
-81.218190
32139
29.375752
-81.589416
32140
29.762604
-81.866657
32141
28.928813
-80.919080
32145
29.677558
-81.421332
32147
29.590843
-81.777145
32148
29.616999
-81.883688
32157
29.467548
-81.578498
32159
28.933203
-81.898509
32162
28.914383
-81.989560
32164
29.487253
-81.212799
32168
28.963869
-81.029421
32169
28.965461
-80.866471
32174
29.284784
-81.161348
32176
29.331582
-81.062507
32177
29.690907
-81.708149
32179
29.088109
-81.895088
32180
29.236302
-81.396684
32181
29.507981
-81.601987
32187
29.578946
-81.550038
32189
29.549840
-81.647696
32190
29.343340
-81.489008
32193
29.504965
-81.645067
32195
28.988080
-81.886336
32202
30.324620
-81.647232
32204
30.317018
-81.680832
32205
30.298822
-81.721037
32206
30.350191
-81.638776
32207
30.289637
-81.640966
32208
30.393090
-81.682946
32209
30.361015
-81.696254
32210
30.266582
-81.745526
32211
30.331520
-81.582697
32212
30.216924
-81.666829
32216
30.277467
-81.582904
32217
30.229180
-81.621158
32218
30.487775
-81.667141
32219
30.426654
-81.815005
32220
30.368009
-81.870968
32221
30.259851
-81.853199
32222
30.216546
-81.828286
32223
30.156573
-81.649405
32224
30.270438
-81.467894
32225
30.357756
-81.505829
32226
30.481248
-81.506157
32227
30.389189
-81.404408
32228
30.391860
-81.400074
32233
30.358873
-81.419388
32234
30.226074
-81.975857
32244
30.217667
-81.752685
32246
30.293760
-81.517139
32250
30.280592
-81.412098
32254
30.340961
-81.734788
32256
30.175327
-81.471951
32257
30.189355
-81.612466
32258
30.140712
-81.551712
32259
30.075717
-81.586127
32266
30.317386
-81.409066
32277
30.377450
-81.593947
32301
30.422234
-84.258573
32303
30.515518
-84.341641
32304
30.451971
-84.352772
32305
30.349834
-84.279348
32308
30.477479
-84.226996
32309
30.566830
-84.097649
32310
30.385436
-84.512181
32311
30.390050
-84.181035
32312
30.605283
-84.229562
32317
30.470481
-84.116694
32320
29.731734
-85.111872
32321
30.265440
-84.979665
32322
29.818255
-84.782905
32323
29.891511
-84.613733
32324
30.654712
-84.783254
32327
30.182261
-84.305327
32328
29.751831
-84.909118
32330
30.579930
-84.750532
32331
30.444887
-83.637600
32332
30.620735
-84.678052
32333
30.607743
-84.417592
32334
30.266237
-84.742472
32336
30.260764
-83.847969
32340
30.468748
-83.439238
32343
30.478331
-84.504689
32344
30.170466
-84.066339
32346
29.990837
-84.384593
32347
30.174196
-83.611528
32348
29.977404
-83.596157
32350
30.574972
-83.325794
32351
30.520125
-84.675081
32352
30.662261
-84.591627
32355
30.172195
-84.208552
32356
29.859235
-83.415003
32358
30.105666
-84.558003
32359
29.680070
-83.386649
32361
30.357712
-83.988583
32399
30.437040
-84.282546
32401
30.159737
-85.660922
32403
30.048562
-85.553231
32404
30.204646
-85.501746
32405
30.202099
-85.667407
32407
30.198324
-85.790694
32408
30.142185
-85.732678
32409
30.356762
-85.653690
32410
29.995187
-85.414223
32413
30.310300
-85.905314
32420
30.632365
-85.384570
32421
30.525357
-85.172774
32423
30.943777
-85.048909
32424
30.362385
-85.083060
32425
30.853184
-85.720492
32426
30.946886
-85.370413
32427
30.710487
-85.792309
32428
30.615750
-85.572945
32430
30.418361
-85.234083
32431
30.787482
-85.410816
32432
30.714871
-85.077571
32433
30.851178
-86.200838
32435
30.648635
-86.130197
32437
30.436248
-85.909221
32438
30.501235
-85.424174
32439
30.485294
-86.121336
32440
30.922426
-85.526190
32442
30.678448
-85.016400
32443
30.872521
-85.109420
32444
30.239945
-85.651600
32445
30.970520
-85.197338
32446
30.848170
-85.231368
32447
30.759950
-85.251574
32448
30.671012
-85.223312
32449
30.286718
-85.239598
32455
30.638626
-85.962701
32456
29.839053
-85.297519
32459
30.360577
-86.185591
32460
30.764089
-84.954234
32461
30.289698
-86.027598
32462
30.554200
-85.833399
32463
30.631413
-85.590275
32464
30.902879
-85.952559
32465
30.007868
-85.181889
32466
30.394388
-85.512372
32501
30.428781
-87.222515
32502
30.409367
-87.223506
32503
30.459667
-87.213643
32504
30.472486
-87.186673
32505
30.454624
-87.260650
32506
30.391628
-87.369394
32507
30.338311
-87.378500
32508
30.350614
-87.316902
32509
30.468537
-87.342689
32511
30.406055
-87.291696
32514
30.531359
-87.221710
32526
30.499226
-87.365573
32530
30.598239
-87.030361
32531
30.884038
-86.683468
32533
30.610506
-87.326783
32534
30.528939
-87.281718
32535
30.963698
-87.346175
32536
30.763783
-86.591616
32539
30.778999
-86.477169
32541
30.395159
-86.478784
32542
30.464551
-86.525167
32544
30.427283
-86.697154
32547
30.474544
-86.667742
32548
30.395398
-86.721197
32550
30.380705
-86.348138
32561
30.347061
-87.113185
32563
30.396949
-87.028472
32564
30.728808
-86.781915
32565
30.892603
-87.131683
32566
30.435605
-86.879415
32567
30.923726
-86.449136
32568
30.873178
-87.449977
32569
30.410972
-86.730471
32570
30.804966
-86.967487
32571
30.673477
-87.196174
32577
30.727473
-87.365012
32578
30.506683
-86.447523
32579
30.450892
-86.573486
32580
30.489911
-86.514691
32583
30.592511
-86.971003
32601
29.648970
-82.324941
32603
29.656712
-82.347500
32605
29.679180
-82.372822
32606
29.682064
-82.444115
32607
29.647380
-82.419144
32608
29.599437
-82.410181
32609
29.772187
-82.283422
32612
29.643120
-82.353845
32615
29.819170
-82.486164
32616
29.788495
-82.495256
32617
29.308388
-82.074366
32618
29.545752
-82.516910
32619
29.761895
-82.859841
32621
29.424698
-82.610144
32622
29.908054
-82.318845
32625
29.214738
-82.995429
32626
29.423864
-82.899324
32628
29.625434
-83.207000
32631
29.704429
-82.092511
32639
29.227004
-82.712558
32640
29.578802
-82.086340
32641
29.642524
-82.231714
32643
29.826711
-82.634211
32648
29.503781
-83.270475
32653
29.745013
-82.393796
32656
29.813684
-81.959454
32658
29.849886
-82.391158
32664
29.446543
-82.216746
32666
29.723637
-81.997495
32667
29.513704
-82.304844
32668
29.257242
-82.474721
32669
29.632156
-82.589919
32680
29.542562
-83.132310
32681
29.423388
-82.205579
32683
29.295239
-82.786235
32686
29.355545
-82.275017
32692
29.333326
-83.122541
32693
29.626485
-82.785375
32694
29.807867
-82.144401
32696
29.397428
-82.461756
32697
29.929558
-82.429252
32701
28.665624
-81.370356
32702
29.044189
-81.627473
32703
28.671037
-81.552512
32707
28.664104
-81.314908
32708
28.687105
-81.273445
32709
28.502498
-80.958823
32712
28.748316
-81.479775
32713
28.883730
-81.325287
32714
28.662487
-81.411607
32720
29.003372
-81.368583
32724
29.057205
-81.225576
32725
28.886189
-81.251417
32726
28.855051
-81.678843
32730
28.654337
-81.343717
32732
28.751037
-81.102119
32735
28.890420
-81.739041
32736
28.916675
-81.489093
32738
28.905193
-81.184537
32744
28.985234
-81.219583
32746
28.771373
-81.353086
32750
28.708650
-81.350482
32751
28.630400
-81.365046
32754
28.687109
-80.919193
32757
28.773053
-81.638118
32759
28.825537
-80.902691
32763
28.941297
-81.296816
32764
28.852537
-81.101799
32765
28.665112
-81.196290
32766
28.647702
-81.044726
32767
29.026591
-81.534474
32771
28.813534
-81.324942
32773
28.754890
-81.246899
32776
28.820155
-81.508894
32778
28.773458
-81.730192
32779
28.727263
-81.414779
32780
28.533049
-80.791947
32784
28.974309
-81.716749
32789
28.599188
-81.352273
32792
28.610096
-81.298342
32796
28.625289
-80.845855
32798
28.723731
-81.587720
32801
28.541769
-81.374357
32803
28.555829
-81.346291
32804
28.578290
-81.396428
32805
28.529380
-81.403667
32806
28.511875
-81.360462
32807
28.554310
-81.299455
32808
28.580110
-81.444300
32809
28.462146
-81.385959
32810
28.624092
-81.430854
32811
28.521039
-81.447731
32812
28.484092
-81.322557
32814
28.572581
-81.322358
32817
28.591020
-81.244637
32818
28.590060
-81.493848
32819
28.453705
-81.472373
32820
28.576844
-81.139725
32821
28.385888
-81.476210
32822
28.489898
-81.290154
32824
28.383222
-81.331839
32825
28.518029
-81.229003
32826
28.579663
-81.188640
32827
28.416169
-81.299372
32828
28.530092
-81.173498
32829
28.484329
-81.245943
32830
28.383036
-81.573708
32831
28.474506
-81.131105
32832
28.403180
-81.191537
32833
28.494294
-81.083265
32835
28.518730
-81.486227
32836
28.408753
-81.520519
32837
28.383220
-81.429776
32839
28.488069
-81.407208
32901
28.079399
-80.623617
32903
28.104536
-80.593357
32904
28.066473
-80.678868
32905
28.031366
-80.600414
32907
28.020947
-80.679785
32908
27.956329
-80.698928
32909
27.919258
-80.644232
32920
28.396166
-80.614981
32922
28.372999
-80.742906
32925
28.246109
-80.629046
32926
28.388812
-80.818153
32927
28.457716
-80.812289
32931
28.323196
-80.623102
32934
28.134518
-80.713912
32935
28.145509
-80.649958
32937
28.178766
-80.601770
32940
28.199058
-80.782112
32948
27.888805
-80.733582
32949
27.909779
-80.560567
32950
27.980527
-80.569574
32951
27.944655
-80.502999
32952
28.310930
-80.660577
32953
28.441679
-80.702628
32955
28.296697
-80.725043
32958
27.794384
-80.491460
32960
27.641533
-80.402619
32962
27.591046
-80.383421
32963
27.718239
-80.393276
32966
27.683533
-80.707719
32967
27.715491
-80.454288
32968
27.584207
-80.472479
32970
27.754026
-80.450497
32976
27.846262
-80.554114
33001
24.817128
-80.805996
33004
26.057838
-80.137801
33009
25.985129
-80.147261
33010
25.833202
-80.278720
33012
25.866106
-80.301115
33013
25.862190
-80.269677
33014
25.903098
-80.302673
33015
25.941369
-80.317666
33016
25.895005
-80.332455
33018
25.917733
-80.384455
33019
26.027614
-80.120197
33020
26.019191
-80.152944
33021
26.023130
-80.186539
33023
25.989200
-80.217067
33024
26.027233
-80.244862
33025
25.988183
-80.281394
33026
26.026198
-80.295994
33027
25.988110
-80.340442
33028
26.021022
-80.340391
33029
25.974581
-80.420088
33030
25.485147
-80.510882
33031
25.524991
-80.500876
33032
25.531145
-80.391233
33033
25.481305
-80.414613
33034
25.263157
-80.668523
33035
25.409283
-80.384144
33036
24.893838
-80.710990
33037
25.228327
-80.395446
33039
25.501679
-80.398423
33040
24.560908
-81.889478
33042
24.678750
-81.499676
33043
24.725861
-81.329949
33050
24.747487
-81.010326
33051
24.723406
-81.021647
33054
25.908596
-80.265036
33055
25.948468
-80.278855
33056
25.948892
-80.243585
33060
26.234775
-80.120590
33062
26.241077
-80.091233
33063
26.251909
-80.208929
33064
26.278502
-80.115300
33065
26.274498
-80.260400
33066
26.252926
-80.170374
33067
26.305853
-80.226402
33068
26.215954
-80.217951
33069
26.235830
-80.157100
33070
25.017205
-80.518498
33071
26.244547
-80.265213
33073
26.298166
-80.182101
33076
26.316828
-80.276873
33101
25.779298
-80.198739
33109
25.757687
-80.141440
33122
25.794892
-80.288492
33125
25.783834
-80.236333
33126
25.779400
-80.299475
33127
25.813086
-80.205042
33128
25.776162
-80.203724
33129
25.750226
-80.190122
33130
25.768524
-80.203359
33131
25.766206
-80.182896
33132
25.777404
-80.172412
33133
25.728632
-80.240995
33134
25.753332
-80.270379
33135
25.766544
-80.235095
33136
25.787247
-80.205296
33137
25.816281
-80.171528
33138
25.853764
-80.178006
33139
25.779391
-80.151566
33140
25.819714
-80.133711
33141
25.851854
-80.138726
33142
25.812081
-80.238901
33143
25.703032
-80.297375
33144
25.763458
-80.312667
33145
25.753133
-80.234424
33146
25.720850
-80.272571
33147
25.851225
-80.238166
33149
25.719494
-80.168542
33150
25.852190
-80.207174
33154
25.883337
-80.131831
33155
25.736887
-80.310768
33156
25.668203
-80.297010
33157
25.606126
-80.343496
33158
25.637866
-80.308631
33160
25.934715
-80.134296
33161
25.893664
-80.181539
33162
25.927997
-80.177175
33165
25.734345
-80.358271
33166
25.827855
-80.316183
33167
25.884768
-80.239185
33168
25.892856
-80.209124
33169
25.943117
-80.214686
33170
25.557960
-80.457897
33172
25.786909
-80.361253
33173
25.702320
-80.357503
33174
25.761518
-80.364693
33175
25.736612
-80.406830
33176
25.659877
-80.358354
33177
25.596129
-80.404194
33178
25.835497
-80.422481
33179
25.957620
-80.179998
33180
25.960389
-80.143113
33181
25.897990
-80.152263
33182
25.780312
-80.454455
33183
25.702563
-80.404682
33184
25.759711
-80.406473
33185
25.726359
-80.450733
33186
25.654420
-80.412154
33187
25.597208
-80.501351
33189
25.572208
-80.335444
33190
25.560012
-80.349838
33193
25.705455
-80.470835
33194
25.714050
-80.583772
33196
25.652369
-80.490551
33301
26.121323
-80.127909
33304
26.140411
-80.121184
33305
26.153361
-80.119440
33306
26.165442
-80.113853
33308
26.188511
-80.104988
33309
26.185990
-80.172721
33311
26.144208
-80.172785
33312
26.088170
-80.181783
33313
26.151520
-80.227397
33314
26.067582
-80.222641
33315
26.087022
-80.152994
33316
26.098696
-80.121840
33317
26.112600
-80.227875
33319
26.181382
-80.225802
33321
26.213558
-80.270272
33322
26.151119
-80.269938
33323
26.151759
-80.320939
33324
26.112485
-80.274940
33325
26.112438
-80.318026
33326
26.116363
-80.368132
33327
26.111220
-80.419892
33328
26.070471
-80.272864
33330
26.060927
-80.319057
33331
26.053262
-80.366885
33332
26.006605
-80.460176
33334
26.182553
-80.133727
33351
26.179581
-80.275040
33401
26.715936
-80.070404
33403
26.803774
-80.076385
33404
26.781022
-80.063738
33405
26.667274
-80.058092
33406
26.664083
-80.092373
33407
26.756659
-80.090401
33408
26.840895
-80.052098
33409
26.714559
-80.095821
33410
26.845662
-80.087350
33411
26.719895
-80.193063
33412
26.791532
-80.206540
33413
26.663715
-80.151341
33414
26.648920
-80.246459
33415
26.660205
-80.126573
33417
26.720445
-80.124016
33418
26.872713
-80.165712
33426
26.533736
-80.083152
33428
26.352906
-80.207938
33430
26.641965
-80.554002
33431
26.374590
-80.106610
33432
26.343902
-80.082736
33433
26.347162
-80.159237
33434
26.383168
-80.167688
33435
26.525162
-80.061507
33436
26.522954
-80.107263
33437
26.512045
-80.148962
33438
26.931865
-80.600626
33440
26.564765
-81.037840
33441
26.311098
-80.097874
33442
26.309175
-80.149813
33444
26.458903
-80.079637
33445
26.455156
-80.106324
33446
26.450440
-80.186183
33449
26.589977
-80.232733
33455
27.053143
-80.161232
33458
26.936558
-80.131851
33460
26.619664
-80.056715
33461
26.620406
-80.090703
33462
26.576183
-80.072313
33463
26.593359
-80.128273
33467
26.596362
-80.175602
33469
26.982705
-80.108162
33470
26.729431
-80.319858
33471
26.884624
-81.198234
33472
26.538362
-80.185801
33473
26.503801
-80.191623
33476
26.802148
-80.624722
33477
26.918903
-80.076060
33478
26.935070
-80.246076
33480
26.684952
-80.037235
33483
26.462605
-80.061762
33484
26.454271
-80.134478
33486
26.347501
-80.112571
33487
26.415258
-80.088812
33493
26.538819
-80.728719
33496
26.406722
-80.160556
33498
26.385900
-80.219887
33503
27.763831
-82.276174
33510
27.955637
-82.296693
33511
27.909778
-82.295738
33513
28.714259
-82.194968
33514
28.697882
-82.011596
33521
28.798266
-82.068428
33523
28.419257
-82.220161
33525
28.341644
-82.198380
33527
27.973749
-82.212806
33534
27.828452
-82.379097
33538
28.849949
-82.185110
33540
28.256897
-82.133000
33541
28.234002
-82.221360
33542
28.235780
-82.177617
33543
28.212775
-82.296369
33544
28.254066
-82.366360
33545
28.272580
-82.296556
33547
27.789984
-82.135805
33548
28.146279
-82.482303
33549
28.137944
-82.446252
33556
28.134809
-82.591459
33558
28.165483
-82.511236
33559
28.160954
-82.414663
33563
28.017222
-82.124953
33565
28.085906
-82.148114
33566
27.977964
-82.095709
33567
27.920609
-82.116772
33569
27.846464
-82.288630
33570
27.690433
-82.460177
33572
27.760730
-82.407521
33573
27.722860
-82.356923
33576
28.335741
-82.337836
33578
27.862200
-82.350044
33579
27.796868
-82.287082
33584
28.005455
-82.294337
33585
28.730233
-82.086083
33592
28.101871
-82.283236
33594
27.940934
-82.242479
33596
27.887201
-82.225852
33597
28.545531
-82.080532
33598
27.693423
-82.284659
33602
27.953530
-82.457113
33603
27.985618
-82.464439
33604
28.017154
-82.455350
33605
27.951122
-82.429680
33606
27.917452
-82.452279
33607
27.962012
-82.492176
33609
27.944272
-82.517675
33610
27.998214
-82.378016
33611
27.891345
-82.505665
33612
28.050827
-82.449573
33613
28.083973
-82.450768
33614
28.004724
-82.506088
33615
28.005103
-82.580284
33616
27.865136
-82.535394
33617
28.035792
-82.391538
33618
28.074807
-82.498405
33619
27.935372
-82.378690
33620
28.061368
-82.412801
33621
27.841658
-82.493273
33624
28.080255
-82.528248
33625
28.066876
-82.561218
33626
28.067045
-82.620348
33629
27.921536
-82.509043
33634
28.009826
-82.547789
33635
28.027644
-82.619933
33637
28.045200
-82.362861
33647
28.126952
-82.354093
33701
27.770793
-82.632806
33702
27.846613
-82.628690
33703
27.817056
-82.619750
33704
27.797147
-82.628577
33705
27.734491
-82.643403
33706
27.740820
-82.751592
33707
27.754472
-82.722518
33708
27.815929
-82.799803
33709
27.816844
-82.731621
33710
27.790690
-82.730770
33711
27.738611
-82.687520
33712
27.734375
-82.667894
33713
27.788266
-82.677461
33714
27.815251
-82.677709
33715
27.662680
-82.722404
33716
27.879858
-82.652797
33744
27.807221
-82.773079
33755
27.979914
-82.780506
33756
27.945591
-82.793988
33759
27.975284
-82.701482
33760
27.907544
-82.714236
33761
28.033061
-82.724374
33762
27.901125
-82.682239
33763
28.002884
-82.743408
33764
27.934112
-82.738984
33765
27.974876
-82.745122
33767
27.974748
-82.826777
33770
27.915109
-82.804026
33771
27.906825
-82.758803
33772
27.843593
-82.796683
33773
27.882294
-82.755920
33774
27.883819
-82.827877
33776
27.849564
-82.825827
33777
27.853532
-82.759349
33778
27.888621
-82.798540
33781
27.838871
-82.714995
33782
27.859631
-82.708145
33785
27.891841
-82.849979
33786
27.927071
-82.832817
33801
28.035979
-81.899636
33803
28.009358
-81.932662
33805
28.100700
-81.908334
33809
28.221336
-81.973942
33810
28.131800
-82.030327
33811
27.984397
-82.015260
33812
27.971442
-81.894476
33813
27.965132
-81.939522
33815
28.041258
-81.997590
33823
28.085735
-81.813731
33825
27.620252
-81.458826
33827
27.815891
-81.508647
33830
27.873430
-81.812659
33834
27.620262
-82.001364
33837
28.194772
-81.587510
33838
28.019442
-81.614048
33839
27.976828
-81.750498
33841
27.741146
-81.754602
33843
27.720768
-81.533000
33844
28.089578
-81.589383
33847
27.802851
-81.822059
33848
28.283573
-81.506382
33849
28.226068
-82.068886
33850
28.121605
-81.732558
33851
28.044636
-81.623893
33852
27.239337
-81.373963
33853
27.900707
-81.584450
33854
27.856440
-81.410106
33855
27.795372
-81.352760
33856
27.856161
-81.428206
33857
27.336195
-81.189442
33859
27.872695
-81.626401
33860
27.762892
-82.025340
33865
27.433787
-81.963257
33867
27.777763
-81.195750
33868
28.240843
-81.826617
33870
27.506929
-81.408456
33872
27.505242
-81.546028
33873
27.570917
-81.781173
33875
27.392358
-81.510491
33876
27.413160
-81.359531
33877
27.985758
-81.612232
33880
27.979055
-81.779946
33881
28.056447
-81.711644
33884
27.978480
-81.672447
33890
27.432793
-81.699984
33896
28.256905
-81.582850
33897
28.285160
-81.688494
33898
27.840809
-81.372964
33901
26.621074
-81.878139
33903
26.679976
-81.906640
33904
26.575403
-81.944860
33905
26.667872
-81.760927
33907
26.563891
-81.870266
33908
26.515834
-81.979469
33909
26.693201
-81.945126
33912
26.534015
-81.826178
33913
26.514239
-81.696796
33914
26.554392
-82.020944
33916
26.636927
-81.838418
33917
26.738607
-81.844783
33919
26.556626
-81.901095
33920
26.742298
-81.636050
33921
26.772225
-82.252804
33922
26.638155
-82.162513
33924
26.617555
-82.209305
33928
26.398356
-81.704697
33930
26.567129
-81.406707
33931
26.433124
-81.902997
33935
26.760319
-81.432856
33936
26.623407
-81.601499
33944
26.994441
-81.291040
33945
26.602325
-82.220531
33946
26.849507
-82.283538
33947
26.887720
-82.265696
33948
26.985889
-82.151742
33950
26.902973
-82.046286
33952
26.986134
-82.097042
33953
26.999702
-82.212275
33954
27.024724
-82.122407
33955
26.816433
-81.993808
33956
26.546315
-82.143657
33957
26.463920
-82.093031
33960
27.044146
-81.402728
33965
26.463373
-81.773019
33966
26.591407
-81.830982
33967
26.471507
-81.812240
33971
26.639584
-81.699699
33972
26.649280
-81.616279
33973
26.607864
-81.724636
33974
26.562706
-81.601925
33976
26.591277
-81.686130
33980
26.978175
-82.050431
33981
26.918213
-82.219616
33982
26.910534
-81.767196
33983
27.009117
-82.017871
33990
26.627990
-81.944774
33991
26.625037
-82.023583
33993
26.692949
-82.033895
34101
26.032137
-81.761821
34102
26.137498
-81.799105
34103
26.193911
-81.806496
34104
26.149955
-81.741562
34105
26.190046
-81.764777
34108
26.246308
-81.808323
34109
26.240842
-81.763823
34110
26.303284
-81.788171
34112
26.120610
-81.741624
34113
26.043649
-81.732424
34114
25.934108
-81.539611
34116
26.189294
-81.710803
34117
26.180811
-81.605372
34119
26.269361
-81.713000
34120
26.326101
-81.570093
34134
26.358046
-81.826365
34135
26.355582
-81.754335
34137
25.942746
-81.383178
34138
25.816512
-81.368569
34139
25.825648
-81.441862
34140
25.925119
-81.662608
34141
26.022820
-81.081249
34142
26.342750
-81.313288
34145
25.904025
-81.692113
34201
27.400662
-82.465793
34202
27.406710
-82.389839
34203
27.438529
-82.507558
34205
27.484084
-82.581821
34207
27.438677
-82.579674
34208
27.487487
-82.515923
34209
27.500129
-82.651386
34210
27.436477
-82.628804
34211
27.454673
-82.383329
34212
27.497814
-82.408401
34215
27.470655
-82.685275
34216
27.536772
-82.732652
34217
27.491178
-82.705018
34219
27.576471
-82.299218
34221
27.581094
-82.554803
34222
27.538955
-82.507027
34223
26.982666
-82.354200
34224
26.917571
-82.303940
34228
27.400457
-82.644175
34229
27.192199
-82.485070
34231
27.265984
-82.516583
34232
27.324987
-82.471714
34233
27.280022
-82.476635
34234
27.370308
-82.537296
34235
27.369877
-82.476306
34236
27.316509
-82.553534
34237
27.338992
-82.512645
34238
27.235792
-82.470536
34239
27.310893
-82.521168
34240
27.364247
-82.319344
34241
27.250692
-82.377583
34242
27.260220
-82.540908
34243
27.400992
-82.527943
34251
27.377729
-82.171540
34266
27.192287
-81.820248
34268
27.149245
-81.895327
34269
27.067597
-82.013096
34275
27.151753
-82.422567
34285
27.094564
-82.440895
34286
27.080871
-82.181256
34287
27.052571
-82.244353
34288
27.053600
-82.113335
34289
27.082978
-82.135832
34291
27.093912
-82.238988
34292
27.101944
-82.341525
34293
27.025243
-82.346927
34420
29.052780
-82.036476
34428
28.956773
-82.647566
34429
28.850707
-82.667297
34431
29.140980
-82.529554
34432
29.064898
-82.374559
34433
29.002221
-82.524892
34434
28.995934
-82.439628
34436
28.720580
-82.297980
34442
28.937049
-82.386522
34445
28.967994
-82.420810
34446
28.747280
-82.522158
34448
28.767011
-82.625191
34449
29.074720
-82.679451
34450
28.830041
-82.266009
34452
28.816292
-82.343800
34453
28.873757
-82.334796
34461
28.866678
-82.526857
34465
28.929492
-82.489215
34470
29.198908
-82.087429
34471
29.159768
-82.130274
34472
29.109474
-81.997364
34473
29.005695
-82.183950
34474
29.156420
-82.209429
34475
29.258699
-82.167094
34476
29.081605
-82.196823
34479
29.255724
-82.109112
34480
29.094200
-82.094208
34481
29.125538
-82.309895
34482
29.244387
-82.275029
34484
28.945019
-82.097528
34488
29.228090
-81.938619
34491
28.995628
-82.055145
34498
29.031552
-82.736088
34601
28.588629
-82.351184
34602
28.502482
-82.282351
34604
28.476942
-82.434791
34606
28.468477
-82.595728
34607
28.486766
-82.633018
34608
28.482826
-82.552854
34609
28.479476
-82.507906
34610
28.369903
-82.510748
34613
28.579392
-82.568436
34614
28.645996
-82.533561
34637
28.307711
-82.464832
34638
28.256862
-82.512738
34639
28.265430
-82.423239
34652
28.240555
-82.744353
34653
28.244080
-82.688476
34654
28.294894
-82.628238
34655
28.203661
-82.618810
34661
28.604751
-82.245271
34667
28.391420
-82.662783
34668
28.293335
-82.710564
34669
28.356025
-82.610167
34677
28.036555
-82.671524
34679
28.432204
-82.661230
34681
28.083019
-82.776105
34683
28.087706
-82.761134
34684
28.080744
-82.726829
34685
28.093255
-82.689401
34688
28.147125
-82.678972
34689
28.148306
-82.759877
34690
28.193745
-82.725706
34691
28.198023
-82.816078
34695
28.008161
-82.688367
34698
28.037553
-82.786320
34705
28.699559
-81.718779
34711
28.530496
-81.753341
34714
28.403125
-81.777680
34715
28.631041
-81.726074
34731
28.864109
-81.898631
34734
28.537003
-81.515454
34736
28.556499
-81.899739
34737
28.692309
-81.796738
34739
27.930540
-81.117032
34741
28.306299
-81.426933
34743
28.329321
-81.355148
34744
28.298753
-81.343479
34746
28.238826
-81.445341
34747
28.311503
-81.595591
34748
28.769393
-81.881909
34753
28.577078
-81.885914
34756
28.583833
-81.685544
34758
28.192063
-81.485420
34759
28.103895
-81.419373
34760
28.554727
-81.632166
34761
28.578577
-81.534116
34762
28.757331
-81.920448
34769
28.244625
-81.290847
34771
28.284014
-81.173906
34772
28.163035
-81.264079
34773
28.159876
-81.007582
34785
28.837287
-82.040622
34786
28.487141
-81.551905
34787
28.484979
-81.619319
34788
28.895617
-81.808248
34797
28.730468
-81.826624
34945
27.437265
-80.557230
34946
27.503294
-80.360480
34947
27.453778
-80.373732
34949
27.467258
-80.299808
34950
27.443788
-80.330974
34951
27.532134
-80.418954
34952
27.296128
-80.299313
34953
27.249680
-80.383236
34956
27.098264
-80.499613
34957
27.280287
-80.238923
34972
27.509388
-80.929139
34974
27.145973
-80.949686
34981
27.394220
-80.370570
34982
27.373264
-80.308018
34983
27.323935
-80.350232
34984
27.249005
-80.330553
34986
27.327734
-80.401911
34987
27.290285
-80.497120
34990
27.135456
-80.348028
34994
27.200021
-80.256795
34996
27.192803
-80.189810
34997
27.055637
-80.270195
35004
33.603431
-86.493783
35005
33.595950
-87.000649
35006
33.422751
-87.209751
35007
33.215623
-86.797656
35010
32.916719
-85.940589
35013
33.902168
-86.517777
35014
33.355851
-86.261678
35016
34.323870
-86.502006
35019
34.302078
-86.634094
35020
33.402429
-86.951784
35022
33.322849
-86.971458
35023
33.467843
-87.088194
35031
34.097505
-86.555035
35032
33.264859
-86.336417
35033
33.926475
-87.031801
35034
32.911122
-87.271681
35035
33.043682
-86.968442
35036
33.643923
-86.919599
35040
33.102967
-86.728894
35042
32.959173
-87.102463
35043
33.314842
-86.659872
35044
33.243975
-86.380759
35045
32.799962
-86.676761
35046
32.931141
-86.534157
35049
33.961861
-86.612114
35051
33.205032
-86.618915
35052
33.590682
-86.409897
35053
34.054155
-87.073701
35054
33.502019
-86.337925
35055
34.151162
-86.758748
35057
33.969944
-86.944303
35058
34.228856
-86.737261
35060
33.559629
-86.953465
35061
33.471950
-86.955959
35062
33.724920
-87.010252
35063
33.818224
-87.020631
35064
33.476072
-86.920253
35068
33.607417
-86.830991
35070
34.009280
-86.757878
35071
33.695133
-86.848962
35072
33.093506
-86.066929
35073
33.651253
-86.986935
35074
33.222349
-87.124270
35077
34.021165
-86.832668
35078
33.324420
-86.444966
35079
33.938426
-86.759050
35080
33.261378
-86.913298
35082
33.158024
-86.153863
35083
34.199871
-86.599170
35085
32.976498
-86.739181
35087
34.306453
-86.584296
35089
32.945782
-86.081832
35091
33.779297
-86.789582
35094
33.530066
-86.553303
35096
33.620336
-86.107668
35097
33.892188
-86.627133
35098
34.121193
-87.046809
35111
33.284628
-87.094558
35112
33.691077
-86.470578
35114
33.224414
-86.879318
35115
33.142473
-86.891528
35116
33.731298
-86.769981
35117
33.667778
-86.892599
35118
33.527419
-87.034686
35119
33.646571
-86.770930
35120
33.666809
-86.423755
35121
33.941185
-86.455102
35124
33.321830
-86.742197
35125
33.633384
-86.288692
35126
33.730926
-86.654972
35127
33.491671
-86.976370
35128
33.552400
-86.337819
35130
33.633156
-87.136688
35131
33.728190
-86.196808
35133
33.829650
-86.596151
35135
33.616462
-86.199595
35136
32.879247
-86.286795
35139
33.714101
-86.974033
35143
33.100340
-86.542811
35146
33.795070
-86.453279
35147
33.415884
-86.530992
35148
33.755959
-87.045787
35149
33.249870
-86.187275
35150
33.189306
-86.238384
35151
33.081343
-86.392208
35160
33.356665
-86.052308
35171
32.882577
-86.740275
35172
33.845155
-86.695313
35173
33.655233
-86.563240
35175
34.435679
-86.511374
35176
33.485382
-86.498033
35178
33.419769
-86.398435
35179
34.273307
-86.968970
35180
33.820305
-86.840317
35183
33.016108
-86.352010
35184
33.114345
-87.136714
35186
33.256733
-86.510291
35187
33.080534
-86.885794
35188
33.180336
-87.163635
35203
33.518601
-86.809807
35204
33.522118
-86.839815
35205
33.495016
-86.808087
35206
33.570264
-86.713140
35207
33.564208
-86.824789
35208
33.496814
-86.879350
35209
33.466348
-86.811516
35210
33.541616
-86.669322
35211
33.455102
-86.856402
35212
33.547385
-86.752908
35213
33.506674
-86.744347
35214
33.576995
-86.894065
35215
33.649002
-86.707425
35216
33.419246
-86.789433
35217
33.607882
-86.760265
35218
33.507730
-86.893960
35221
33.449532
-86.899049
35222
33.523712
-86.770115
35223
33.488141
-86.734834
35224
33.517294
-86.943879
35226
33.399158
-86.845896
35228
33.456191
-86.921172
35229
33.465820
-86.788604
35233
33.508746
-86.801976
35234
33.540811
-86.802758
35235
33.625674
-86.649486
35242
33.425247
-86.672084
35243
33.440918
-86.741508
35244
33.352918
-86.825333
35254
33.516152
-86.857557
35401
33.170238
-87.616169
35404
33.215157
-87.483406
35405
33.120235
-87.539532
35406
33.338842
-87.467554
35441
32.852762
-87.750329
35442
33.077211
-88.202696
35443
32.755282
-88.000805
35444
33.328718
-87.292882
35446
33.207795
-87.751031
35447
33.251868
-88.157754
35452
33.278292
-87.680633
35453
33.163776
-87.389459
35456
33.063694
-87.414750
35457
33.304137
-87.773144
35458
33.278508
-87.822203
35459
32.791636
-88.275851
35460
32.713161
-88.153712
35461
33.417374
-88.213613
35462
32.920473
-87.967463
35463
33.064731
-87.682451
35464
32.806130
-88.154590
35466
33.248527
-87.919484
35469
32.973874
-87.781565
35470
32.561974
-88.066347
35473
33.275344
-87.582897
35474
32.940566
-87.591200
35475
33.434380
-87.593996
35476
33.227304
-87.590959
35477
32.956143
-88.240989
35480
33.078038
-87.819226
35481
33.394624
-88.037417
35490
33.218419
-87.238215
35501
33.818910
-87.292749
35503
33.936688
-87.305301
35504
33.894135
-87.170812
35540
34.234693
-87.209720
35541
34.081325
-87.174349
35542
33.719014
-87.675988
35543
34.211155
-87.758435
35544
33.959985
-88.017137
35545
33.651546
-87.934880
35546
33.619425
-87.542714
35548
34.056419
-87.750485
35549
33.851343
-87.544905
35550
33.745429
-87.160466
35552
34.072278
-88.142203
35553
34.126879
-87.383136
35554
33.885727
-87.671678
35555
33.658512
-87.815637
35559
33.905485
-87.728143
35563
33.977608
-87.903722
35564
34.258833
-87.845260
35565
34.236960
-87.563402
35570
34.163756
-87.993159
35571
34.368708
-87.944108
35572
34.201272
-87.282580
35574
33.567578
-87.949993
35575
34.036179
-87.588153
35576
33.575382
-88.143851
35577
34.102378
-87.620057
35578
33.980483
-87.466391
35579
33.636267
-87.360324
35580
33.673271
-87.255567
35581
34.359912
-87.713097
35582
34.486800
-88.112899
35584
33.819268
-87.087923
35585
34.420835
-87.832483
35586
33.877900
-88.134075
35587
33.795541
-87.456888
35592
33.746099
-88.084807
35593
34.339101
-88.095624
35594
33.932693
-87.774369
35601
34.606913
-87.013524
35603
34.535452
-86.971226
35610
34.954456
-87.245961
35611
34.773833
-87.084145
35613
34.820163
-86.882161
35614
34.888328
-87.219768
35615
34.662737
-86.875419
35616
34.739504
-88.019381
35618
34.641403
-87.304983
35619
34.382723
-87.152105
35620
34.930812
-87.020185
35621
34.348973
-86.729536
35622
34.346590
-86.898961
35630
34.822980
-87.661652
35633
34.875101
-87.798371
35634
34.917211
-87.609469
35640
34.440708
-86.943683
35643
34.672577
-87.201931
35645
34.903048
-87.500965
35646
34.677104
-87.523343
35647
34.967655
-87.117034
35648
34.958660
-87.387836
35649
34.617619
-86.869284
35650
34.447233
-87.308593
35651
34.469857
-87.495702
35652
34.846744
-87.310208
35653
34.518191
-87.871965
35654
34.497789
-87.632269
35660
34.755494
-87.701265
35661
34.768526
-87.562802
35670
34.455176
-86.729344
35671
34.685398
-86.935390
35672
34.648533
-87.406487
35673
34.576336
-87.137349
35674
34.662410
-87.781902
35677
34.955707
-88.026555
35739
34.968586
-86.791036
35740
34.965286
-85.777448
35741
34.718016
-86.479004
35744
34.610532
-85.909141
35745
34.943416
-86.180179
35746
34.828619
-86.005957
35747
34.494944
-86.298989
35748
34.721079
-86.389356
35749
34.822212
-86.757871
35750
34.956179
-86.589482
35751
34.811157
-86.276460
35752
34.745900
-85.946047
35754
34.525492
-86.604467
35755
34.488768
-86.150101
35756
34.643705
-86.818149
35757
34.784245
-86.745347
35758
34.711420
-86.746508
35759
34.868329
-86.545976
35760
34.543906
-86.383856
35761
34.916206
-86.409214
35763
34.622047
-86.461788
35764
34.726301
-86.310155
35765
34.690313
-85.814085
35766
34.867485
-86.299884
35768
34.768891
-86.104193
35769
34.597984
-86.104809
35771
34.538598
-86.005423
35772
34.937034
-85.948355
35773
34.891069
-86.707941
35774
34.765246
-86.226525
35775
34.542934
-86.705959
35776
34.659404
-86.239414
35801
34.725269
-86.560866
35802
34.668212
-86.558882
35803
34.563462
-86.519404
35805
34.709368
-86.620290
35806
34.760798
-86.685745
35808
34.631236
-86.656646
35810
34.803193
-86.601445
35811
34.795354
-86.509948
35816
34.739954
-86.630751
35824
34.644929
-86.752061
35896
34.754672
-86.654634
35901
34.047586
-85.933265
35903
34.024270
-85.863703
35904
34.070560
-85.990098
35905
33.856532
-85.912603
35906
33.927149
-86.095113
35907
33.890841
-86.018020
35950
34.249750
-86.261098
35951
34.339098
-86.162297
35952
34.052385
-86.310738
35953
33.809618
-86.229742
35954
34.089754
-86.057449
35956
34.146146
-86.146749
35957
34.196159
-86.196898
35958
34.916005
-85.645957
35959
34.245139
-85.605623
35960
34.124328
-85.570557
35961
34.303952
-85.846214
35962
34.303881
-86.036441
35963
34.359787
-85.927200
35966
34.786981
-85.674167
35967
34.407663
-85.694569
35968
34.382994
-85.803307
35971
34.455491
-85.945131
35972
33.993999
-86.246870
35973
34.344016
-85.551513
35974
34.362751
-86.010291
35975
34.436463
-86.060368
35976
34.345767
-86.330025
35978
34.642798
-85.728979
35979
34.832324
-85.609647
35980
34.172088
-86.389617
35981
34.722345
-85.648802
35983
34.172844
-85.766155
35984
34.536843
-85.563859
35986
34.500336
-85.835889
35987
33.913370
-86.242208
35988
34.557662
-85.796490
35989
34.613541
-85.619853
35990
34.067780
-86.304688
36003
32.451904
-86.723821
36005
31.888214
-85.719600
36006
32.646560
-86.722096
36009
31.594781
-86.301377
36010
31.659784
-85.798444
36013
32.284669
-85.985235
36016
31.850223
-85.414706
36017
31.679443
-85.557720
36020
32.479919
-86.323047
36022
32.623495
-86.405573
36024
32.671798
-86.025021
36025
32.544457
-86.324973
36026
32.775480
-86.130993
36027
31.822420
-85.378527
36028
31.495482
-86.392810
36029
32.181872
-85.933154
36030
31.870914
-86.876220
36031
32.245572
-85.734076
36032
31.994630
-86.568637
36033
31.671714
-86.770613
36034
31.621045
-86.111209
36035
31.788705
-86.126215
36036
31.973940
-86.161676
36037
31.799009
-86.628615
36038
31.435078
-86.491253
36039
32.298948
-85.837560
36040
32.173924
-86.684172
36041
31.913800
-86.319978
36042
31.868619
-86.459989
36043
32.201153
-86.420747
36046
32.023613
-86.333407
36047
32.075247
-86.517854
36048
31.804214
-85.592024
36049
31.768143
-86.277257
36051
32.685457
-86.500020
36052
32.184093
-86.048285
36053
32.029240
-85.443571
36054
32.481879
-86.366311
36064
32.296635
-86.077885
36066
32.479700
-86.424010
36067
32.516518
-86.561483
36069
32.094155
-86.149901
36071
31.706685
-86.397754
36075
32.378389
-85.923700
36078
32.546979
-85.942735
36079
31.766709
-85.998035
36080
32.711806
-86.284022
36081
31.903745
-85.898152
36082
31.802761
-85.954635
36083
32.386730
-85.684361
36088
32.415281
-85.720314
36089
32.151049
-85.698646
36091
32.750447
-86.508548
36092
32.617657
-86.200531
36093
32.494564
-86.133634
36104
32.403274
-86.326915
36105
32.209608
-86.288501
36106
32.353431
-86.256963
36107
32.383761
-86.279328
36108
32.339100
-86.401107
36109
32.388957
-86.242148
36110
32.446582
-86.255772
36111
32.336579
-86.271324
36112
32.380829
-86.349143
36113
32.380944
-86.363749
36115
32.406757
-86.246705
36116
32.269306
-86.201563
36117
32.378696
-86.145018
36201
33.649160
-85.879642
36203
33.583049
-85.834485
36205
33.717379
-85.794817
36206
33.733273
-85.809624
36207
33.689088
-85.718863
36250
33.765322
-85.901096
36251
33.222279
-85.872376
36255
33.168154
-85.730440
36256
33.046308
-85.704818
36258
33.477734
-85.717338
36260
33.581761
-85.995486
36262
33.806237
-85.479824
36263
33.466255
-85.359305
36264
33.596783
-85.551483
36265
33.847655
-85.784916
36266
33.349846
-85.734316
36267
33.197365
-85.948287
36268
33.494805
-85.929469
36269
33.739797
-85.383876
36271
33.781230
-86.018690
36272
33.942381
-85.595417
36273
33.545031
-85.378048
36274
33.172406
-85.363142
36276
33.132677
-85.570266
36277
33.757469
-85.818226
36278
33.332433
-85.523567
36279
33.872274
-85.889336
36280
33.376324
-85.388261
36301
31.140065
-85.398289
36303
31.266568
-85.401317
36305
31.204572
-85.496004
36310
31.595139
-85.208847
36311
31.609777
-85.685655
36312
31.170840
-85.236837
36313
31.178568
-85.793952
36314
31.018937
-85.772824
36316
31.175691
-85.863975
36317
31.643557
-85.404255
36318
31.169524
-85.950531
36319
31.331937
-85.148874
36320
31.049898
-85.319224
36321
31.210866
-85.299218
36322
31.257605
-85.735807
36323
31.428104
-86.072471
36330
31.305932
-85.864054
36340
31.051927
-85.890963
36343
31.060704
-85.120765
36344
31.097890
-85.708147
36345
31.366306
-85.310372
36346
31.560574
-85.930086
36350
31.350214
-85.495521
36351
31.425502
-85.906600
36352
31.264999
-85.609699
36353
31.478530
-85.348626
36360
31.467469
-85.617030
36362
31.350932
-85.679787
36370
31.142219
-85.158109
36371
31.312420
-85.551996
36373
31.541593
-85.097397
36374
31.578737
-85.493690
36375
31.071216
-85.544966
36376
31.250679
-85.269772
36401
31.480653
-86.940722
36420
31.177149
-86.551502
36421
31.324729
-86.506928
36425
31.764740
-87.195168
36426
31.140982
-87.071114
36432
31.293982
-87.030269
36435
31.869587
-87.451701
36436
31.785367
-87.649528
36439
31.419287
-87.345189
36441
31.039365
-87.255045
36442
31.084458
-86.357041
36444
31.676299
-87.440954
36445
31.444585
-87.453392
36446
31.792459
-87.719956
36451
31.700517
-87.803568
36453
31.191678
-86.149163
36454
31.328428
-87.200318
36455
31.013096
-86.351972
36456
31.568405
-86.806151
36460
31.518972
-87.304829
36467
31.281017
-86.256945
36470
31.515188
-87.565908
36471
31.616419
-87.248947
36473
31.307228
-87.202125
36474
31.429690
-86.626037
36475
31.387683
-87.219745
36476
31.362361
-86.549731
36477
31.097175
-86.061411
36480
31.325005
-87.599127
36481
31.771512
-87.382559
36482
31.639318
-87.636900
36483
31.047796
-86.674187
36502
31.147733
-87.494821
36505
30.941950
-88.015792
36507
30.858609
-87.742025
36509
30.392971
-88.270293
36511
30.315155
-87.747247
36512
30.996465
-88.015179
36513
31.173869
-88.005799
36518
31.459303
-88.284040
36521
30.964986
-88.177330
36522
31.090945
-88.275355
36523
30.370798
-88.190791
36524
31.802618
-88.010863
36525
30.890103
-88.018704
36526
30.611252
-87.860042
36527
30.702075
-87.881866
36528
30.235500
-88.236219
36529
31.275361
-88.228787
36530
30.408210
-87.555585
36532
30.480713
-87.861307
36535
30.383999
-87.727359
36538
31.657053
-88.143271
36539
31.348614
-88.380629
36540
31.448949
-87.675843
36541
30.489535
-88.344106
36542
30.269650
-87.750627
36543
31.221493
-87.466154
36544
30.479701
-88.230089
36545
31.488511
-87.871704
36548
31.488980
-87.967725
36549
30.411164
-87.451119
36550
31.249430
-87.730436
36551
30.647109
-87.753071
36553
31.243301
-88.067813
36555
30.396615
-87.783492
36556
31.207957
-87.965164
36558
31.608143
-88.316371
36559
30.567610
-87.908587
36560
31.097767
-88.040068
36561
30.287622
-87.571267
36562
31.037057
-87.670416
36564
30.483252
-87.934696
36567
30.623536
-87.556960
36568
30.511926
-88.272640
36569
31.542478
-88.091294
36571
30.854575
-88.109907
36572
30.857722
-88.061419
36574
30.500968
-87.478446
36575
30.769164
-88.273387
36576
30.522953
-87.763833
36578
30.749316
-87.779240
36579
31.106823
-87.796932
36580
30.478898
-87.703414
36581
31.375357
-87.965583
36582
30.509877
-88.173001
36583
31.367319
-88.195002
36584
31.199096
-88.388739
36585
31.387319
-88.079654
36587
30.844238
-88.351243
36590
30.531802
-88.174421
36602
30.693326
-88.045544
36603
30.658897
-88.060123
36604
30.682233
-88.068146
36605
30.604547
-88.087824
36606
30.668786
-88.105874
36607
30.698561
-88.105750
36608
30.681503
-88.300213
36609
30.660248
-88.163479
36610
30.736246
-88.073507
36611
30.769623
-88.080073
36612
30.752882
-88.113135
36613
30.809841
-88.187451
36615
30.630158
-88.069891
36616
30.724504
-88.081588
36617
30.716026
-88.095707
36618
30.736900
-88.169796
36619
30.596087
-88.196637
36688
30.696156
-88.182094
36693
30.625770
-88.149686
36695
30.628385
-88.280303
36701
32.483972
-87.054642
36703
32.427349
-86.912858
36720
32.158196
-87.344594
36722
32.094921
-87.571497
36723
32.053630
-87.274538
36726
31.960453
-87.299484
36727
31.910985
-88.033910
36728
32.161399
-87.476215
36732
32.429314
-87.914179
36736
32.060282
-87.776198
36738
32.420970
-87.624965
36740
32.626783
-87.836571
36742
32.467872
-87.729452
36744
32.695952
-87.599716
36748
32.267275
-87.780901
36749
32.550967
-86.849827
36750
32.789616
-86.849377
36751
31.824299
-87.545748
36752
32.298669
-86.631995
36753
31.807348
-87.076533
36754
32.154057
-87.700902
36756
32.683866
-87.275890
36758
32.638892
-86.889910
36759
32.416752
-87.277593
36761
32.106169
-86.978039
36763
32.276807
-87.980902
36765
32.588169
-87.522234
36766
31.955121
-87.086691
36767
32.259288
-87.191091
36768
31.912626
-87.019696
36769
32.007856
-87.547444
36773
32.258944
-87.357531
36775
32.229409
-87.109852
36776
32.735606
-87.741416
36782
32.116133
-87.912973
36783
32.247780
-87.597839
36784
31.926927
-87.787887
36785
32.260516
-86.845810
36786
32.431068
-87.482163
36790
32.733603
-86.893627
36792
32.924437
-86.896466
36793
32.821605
-87.027517
36801
32.694763
-85.395626
36804
32.533973
-85.347519
36830
32.538612
-85.489708
36832
32.582936
-85.585938
36849
32.602420
-85.487341
36850
32.786919
-85.655757
36852
32.757181
-85.292494
36853
32.816523
-85.767220
36854
32.751613
-85.189484
36855
33.028908
-85.308151
36856
32.274493
-84.997828
36858
32.328274
-85.330375
36859
32.235008
-85.011009
36860
32.274537
-85.424439
36861
32.890906
-85.850532
36862
32.903965
-85.455157
36863
32.889494
-85.263750
36865
32.602618
-85.589334
36866
32.565305
-85.712082
36867
32.496045
-85.023773
36869
32.419698
-85.064560
36870
32.482878
-85.120305
36871
32.178708
-85.157233
36874
32.564252
-85.198549
36875
32.336837
-85.166552
36877
32.573153
-85.101369
36879
32.727562
-85.558384
36901
32.421636
-88.147330
36904
32.100714
-88.260849
36907
32.426393
-88.346701
36908
31.892000
-88.474574
36910
32.204607
-88.146970
36912
32.230412
-88.302607
36913
31.960963
-88.447090
36915
31.955091
-88.358729
36916
32.209837
-88.059887
36919
31.769052
-88.282862
36921
31.938430
-88.182780
36922
32.300344
-88.141975
36925
32.432254
-88.183591
37010
36.571781
-87.108705
37012
36.073834
-86.001564
37013
36.051991
-86.632857
37014
35.875209
-86.632986
37015
36.279378
-87.075584
37016
35.957452
-86.100226
37018
35.631400
-86.210955
37019
35.392281
-86.709825
37020
35.634389
-86.407093
37022
36.514582
-86.317038
37023
36.592456
-87.782744
37025
35.948733
-87.307754
37026
35.696497
-86.105655
37027
35.999288
-86.785062
37028
36.627542
-87.862973
37029
36.041931
-87.261321
37030
36.271671
-85.942372
37031
36.366189
-86.292910
37032
36.524219
-87.017162
37033
35.744615
-87.557839
37034
35.651936
-86.690174
37035
36.381108
-87.133983
37036
36.234982
-87.261263
37037
35.703083
-86.351238
37040
36.522633
-87.334932
37042
36.568751
-87.416322
37043
36.490809
-87.240984
37046
35.781852
-86.700750
37047
35.317311
-86.835787
37048
36.491316
-86.595904
37049
36.557021
-86.673114
37050
36.374244
-87.630844
37051
36.304284
-87.410241
37052
36.378818
-87.401828
37055
36.077209
-87.442803
37057
36.418109
-86.029944
37058
36.444038
-87.876678
37059
35.984992
-85.903070
37060
35.745464
-86.637750
37061
36.287704
-87.635048
37062
35.990294
-87.135646
37064
35.884862
-86.954138
37066
36.398757
-86.455540
37067
35.912280
-86.780256
37069
35.987493
-86.903598
37072
36.352140
-86.746651
37073
36.432642
-86.817152
37074
36.426041
-86.152900
37075
36.339969
-86.607922
37076
36.145195
-86.576632
37078
35.900794
-87.740943
37079
36.464769
-87.648093
37080
36.332761
-86.916886
37082
36.094872
-87.115266
37083
36.535420
-86.011328
37085
35.954827
-86.280503
37086
36.022237
-86.559384
37087
36.263852
-86.269244
37090
36.115439
-86.297637
37091
35.489239
-86.767472
37095
35.964811
-85.959576
37096
35.612943
-87.871010
37097
35.779941
-87.823417
37098
35.872364
-87.319361
37101
36.060216
-87.629074
37110
35.645090
-85.741252
37115
36.258075
-86.694181
37118
35.930240
-86.190225
37122
36.178348
-86.486580
37127
35.781210
-86.327726
37128
35.793605
-86.481328
37129
35.932526
-86.442648
37130
35.881905
-86.318954
37132
35.849273
-86.364315
37134
35.992741
-87.948093
37135
35.915789
-86.676587
37137
35.884173
-87.505349
37138
36.244014
-86.609391
37140
35.859149
-87.652494
37141
36.614963
-86.701969
37142
36.410966
-87.509666
37143
36.127757
-87.030996
37144
35.305223
-86.660364
37145
36.380909
-85.917012
37146
36.402067
-87.032017
37148
36.567651
-86.496085
37149
35.804023
-86.192830
37150
36.541483
-85.810410
37151
36.292564
-86.074958
37153
35.763856
-86.554011
37160
35.455746
-86.484790
37165
36.292299
-87.470274
37166
35.917978
-85.786903
37167
35.959541
-86.531590
37171
36.361396
-87.295572
37172
36.532432
-86.862188
37174
35.719474
-86.898128
37175
36.324260
-87.892851
37178
36.323791
-87.790436
37179
35.811405
-86.924482
37180
35.606468
-86.586661
37181
36.244507
-87.469161
37183
35.494482
-86.303181
37184
36.082419
-86.144093
37185
36.062922
-87.865036
37186
36.596738
-86.221711
37187
36.144148
-87.197886
37188
36.480206
-86.681296
37189
36.298885
-86.834802
37190
35.816563
-86.021265
37191
36.505841
-87.530104
37201
36.165697
-86.777091
37203
36.149775
-86.789146
37204
36.106735
-86.774283
37205
36.113195
-86.870442
37206
36.179319
-86.731083
37207
36.233774
-86.775969
37208
36.177714
-86.808023
37209
36.087744
-86.936828
37210
36.149248
-86.733016
37211
36.067214
-86.723700
37212
36.133877
-86.801254
37213
36.167255
-86.768188
37214
36.161583
-86.672349
37215
36.081877
-86.834705
37216
36.216580
-86.726854
37217
36.108666
-86.656722
37218
36.164095
-86.889416
37219
36.166805
-86.783190
37220
36.068447
-86.793127
37221
36.051294
-86.968798
37228
36.196930
-86.803373
37240
36.144893
-86.805471
37243
36.165011
-86.782141
37246
36.159857
-86.791447
37301
35.417244
-85.795212
37302
35.008329
-85.019818
37303
35.445978
-84.643987
37305
35.465202
-85.694253
37306
35.096807
-86.191801
37307
35.174229
-84.621319
37308
35.342635
-84.993756
37309
35.301834
-84.741456
37310
35.267618
-84.898204
37311
35.113133
-84.928186
37312
35.232461
-84.879821
37313
35.350141
-85.705056
37315
35.048266
-85.051550
37317
35.031001
-84.443056
37318
35.177915
-85.992733
37321
35.502103
-85.008024
37322
35.501959
-84.825070
37323
35.096183
-84.816533
37324
35.239754
-85.987165
37325
35.251359
-84.591718
37326
35.040029
-84.384680
37327
35.437647
-85.415209
37328
35.036942
-86.357374
37329
35.394358
-84.461020
37330
35.279574
-86.130612
37331
35.319312
-84.529833
37332
35.598701
-84.971947
37333
35.153764
-84.335427
37334
35.166382
-86.581056
37335
35.068898
-86.403992
37336
35.308843
-84.931512
37337
35.787056
-84.850664
37338
35.429787
-85.209519
37339
35.379959
-85.634230
37340
35.034063
-85.517519
37341
35.224176
-85.073294
37342
35.391968
-85.948000
37343
35.166587
-85.212257
37345
35.016829
-86.203041
37347
35.063468
-85.613418
37348
35.131615
-86.434051
37350
34.993920
-85.350184
37351
35.100285
-85.260363
37352
35.277520
-86.353027
37353
35.115010
-84.989096
37354
35.506554
-84.347609
37355
35.499787
-86.083833
37356
35.228878
-85.823694
37357
35.585288
-85.917340
37359
35.204200
-86.412877
37360
35.437578
-86.254328
37361
35.101471
-84.686645
37362
35.031284
-84.680857
37363
35.107176
-85.063064
37365
35.382530
-85.559742
37366
35.338856
-85.830003
37367
35.627262
-85.236162
37369
35.190807
-84.479592
37370
35.356625
-84.700173
37373
35.407459
-85.092816
37374
35.166437
-85.646870
37375
35.150468
-85.890399
37376
35.047765
-85.955825
37377
35.204932
-85.335009
37379
35.284581
-85.194872
37380
35.070937
-85.754605
37381
35.686974
-84.877368
37385
35.333158
-84.236984
37387
35.273256
-85.746578
37388
35.343671
-86.221295
37391
35.093228
-84.353940
37394
35.539407
-85.860053
37396
35.005799
-85.499729
37397
35.225543
-85.514648
37398
35.181164
-86.138360
37402
35.043722
-85.317871
37403
35.048259
-85.294362
37404
35.027913
-85.273662
37405
35.120403
-85.407828
37406
35.073134
-85.245571
37407
35.001943
-85.289724
37408
35.028634
-85.308554
37409
35.013714
-85.335339
37410
35.001899
-85.314220
37411
35.028764
-85.226165
37412
34.997526
-85.227431
37415
35.124725
-85.281199
37416
35.100180
-85.177146
37419
35.039671
-85.404128
37421
35.032453
-85.146327
37601
36.338250
-82.318084
37604
36.299571
-82.383175
37614
36.301387
-82.371242
37615
36.402378
-82.457179
37616
36.228473
-82.746798
37617
36.524490
-82.365651
37618
36.460339
-82.208744
37620
36.549613
-82.094040
37640
36.326824
-81.974686
37641
36.196373
-82.667344
37642
36.531330
-82.726940
37643
36.377345
-82.137118
37645
36.562076
-82.662401
37650
36.094537
-82.448097
37656
36.398802
-82.629857
37657
36.017580
-82.560128
37658
36.239034
-82.099448
37659
36.280209
-82.491069
37660
36.526860
-82.571968
37663
36.463015
-82.488724
37664
36.520428
-82.498988
37665
36.578770
-82.570528
37680
36.579290
-81.725417
37681
36.258014
-82.620600
37682
36.301061
-82.290767
37683
36.454726
-81.822075
37686
36.440209
-82.348811
37687
36.178723
-82.097005
37688
36.545444
-81.882879
37690
36.250120
-82.557584
37691
36.371676
-81.756726
37692
36.189803
-82.300829
37694
36.383788
-82.278722
37701
35.791709
-83.987225
37705
36.226880
-84.009714
37708
36.330558
-83.317142
37709
36.162997
-83.664552
37710
36.158632
-84.316134
37711
36.281355
-83.045426
37713
36.081457
-83.134285
37714
36.260336
-84.292968
37715
36.554225
-83.960518
37716
36.100883
-84.168691
37719
36.022415
-84.429381
37721
36.118420
-83.812584
37722
35.814899
-83.202524
37723
35.970430
-84.813656
37724
36.548535
-83.710257
37725
35.996037
-83.399084
37726
36.204182
-84.830473
37727
35.885101
-83.022989
37729
36.516663
-84.034470
37730
36.547335
-83.975546
37731
36.548667
-83.009063
37732
36.327039
-84.606364
37733
36.354076
-84.711232
37737
35.761416
-84.120173
37738
35.670226
-83.474918
37742
35.675844
-84.179246
37743
36.068327
-82.855697
37745
36.278036
-82.820587
37748
35.951329
-84.519764
37752
36.560697
-83.538079
37753
35.823135
-83.100397
37754
36.139099
-84.029801
37755
36.402283
-84.526928
37756
36.304569
-84.419796
37757
36.299009
-84.137299
37760
36.108387
-83.457779
37762
36.577304
-84.126170
37763
35.820230
-84.492265
37764
35.970346
-83.616642
37765
36.572344
-83.058614
37766
36.399701
-84.080824
37769
36.218671
-84.153543
37770
36.153311
-84.663293
37771
35.840824
-84.321762
37772
35.791140
-84.218553
37774
35.729130
-84.358961
37777
35.826849
-84.054192
37779
36.215114
-83.756070
37801
35.663919
-84.094596
37803
35.660842
-83.981389
37804
35.792054
-83.893170
37806
36.084693
-83.727986
37807
36.259656
-83.825990
37809
36.156693
-83.038092
37810
36.184525
-83.115490
37811
36.356119
-83.210715
37813
36.175136
-83.257024
37814
36.233331
-83.337894
37818
36.188758
-82.970993
37819
36.568255
-84.205753
37820
36.085171
-83.566057
37821
35.975080
-83.195503
37825
36.412427
-83.695838
37826
35.558277
-84.589666
37828
36.197931
-84.068988
37829
36.010201
-84.637685
37830
35.966483
-84.290549
37840
36.069893
-84.394953
37841
36.515755
-84.570649
37843
36.010713
-83.048360
37845
36.093372
-84.439498
37846
35.679251
-84.481817
37847
36.434183
-84.278918
37848
36.235721
-83.680131
37849
36.054050
-84.048488
37851
36.584059
-83.907579
37852
36.324146
-84.579513
37853
35.836766
-83.910810
37854
35.880918
-84.720011
37857
36.424289
-82.941400
37860
36.250455
-83.183736
37861
36.240743
-83.513713
37862
35.778028
-83.612555
37863
35.785961
-83.562213
37865
35.851151
-83.734888
37866
36.339114
-83.858099
37869
36.514755
-83.244996
37870
36.462895
-83.833801
37871
36.052076
-83.681001
37872
36.269532
-84.649496
37873
36.526270
-82.843047
37874
35.598330
-84.456484
37876
35.865101
-83.478970
37877
36.151130
-83.406846
37878
35.620642
-83.894011
37879
36.473356
-83.513308
37880
35.685695
-84.677934
37881
36.406476
-83.342508
37882
35.601221
-83.813069
37885
35.476374
-84.132387
37886
35.745584
-83.804707
37887
36.091580
-84.580844
37888
36.310172
-83.608265
37890
36.085242
-83.298744
37891
36.292068
-83.138109
37892
36.555696
-84.357644
37902
35.963643
-83.920610
37909
35.947566
-84.021414
37912
36.007544
-83.984854
37914
35.983165
-83.795796
37915
35.970813
-83.900432
37916
35.953078
-83.932588
37917
36.001185
-83.913706
37918
36.056875
-83.917352
37919
35.914748
-84.000169
37920
35.911567
-83.857782
37921
35.978877
-84.002931
37922
35.860496
-84.100535
37923
35.927527
-84.080687
37924
36.026190
-83.811875
37931
35.976321
-84.126349
37932
35.917299
-84.198787
37934
35.865617
-84.178868
37938
36.123911
-83.938608
38001
35.816290
-89.159971
38002
35.286355
-89.700274
38004
35.412253
-89.759562
38006
35.693723
-89.089657
38007
36.159498
-89.427052
38008
35.246459
-88.997180
38011
35.462176
-89.711687
38012
35.609417
-89.272452
38015
35.556682
-89.823513
38016
35.180860
-89.759838
38017
35.066971
-89.648939
38018
35.138613
-89.766424
38019
35.562543
-89.629132
38021
35.875848
-89.164750
38023
35.457109
-89.938330
38024
36.035542
-89.380814
38028
35.183099
-89.632200
38029
35.238741
-89.821895
38030
36.016378
-89.586052
38034
35.914103
-89.232081
38036
35.320220
-89.625825
38037
35.797359
-89.398895
38039
35.070584
-89.155724
38040
35.892390
-89.444872
38041
35.659289
-89.704618
38042
35.145159
-89.137403
38044
35.199316
-88.809933
38046
35.069913
-89.247959
38047
36.090530
-89.503405
38049
35.390333
-89.538210
38050
35.829619
-89.233059
38052
35.090254
-88.917801
38053
35.346686
-89.951524
38054
35.336356
-89.873398
38057
35.052974
-89.368397
38058
35.457857
-89.816192
38059
36.105685
-89.248590
38060
35.209347
-89.505468
38061
35.068390
-88.770907
38063
35.764057
-89.640503
38066
35.073433
-89.504964
38067
35.081609
-89.041788
38068
35.265556
-89.345170
38069
35.477856
-89.330284
38070
35.943560
-89.237010
38075
35.379076
-89.136127
38076
35.138706
-89.442078
38077
36.328075
-89.474394
38079
36.427748
-89.462502
38080
36.207086
-89.519208
38103
35.153050
-90.054979
38104
35.132549
-90.003728
38105
35.151419
-90.035468
38106
35.102064
-90.094687
38107
35.170165
-90.023442
38108
35.176666
-89.967917
38109
35.037886
-90.154242
38111
35.110521
-89.943501
38112
35.147662
-89.976392
38114
35.096480
-89.985854
38115
35.053175
-89.862635
38116
35.033181
-90.011396
38117
35.115180
-89.905344
38118
35.032631
-89.932532
38119
35.079511
-89.845385
38120
35.123633
-89.852645
38122
35.158931
-89.921217
38125
35.025911
-89.788637
38126
35.126968
-90.043659
38127
35.242751
-90.026790
38128
35.224574
-89.926689
38131
35.066359
-89.992094
38132
35.073171
-89.994830
38133
35.212884
-89.794301
38134
35.174540
-89.860777
38135
35.238915
-89.848589
38138
35.084826
-89.799326
38139
35.082886
-89.754836
38141
35.016032
-89.854790
38152
35.123648
-89.931390
38201
36.122634
-88.530194
38220
35.993659
-88.670883
38221
36.244754
-88.035010
38222
36.445536
-88.157903
38224
36.387007
-88.492179
38225
36.318850
-88.670740
38226
36.484448
-88.701518
38229
36.223130
-88.606426
38230
36.155177
-88.774665
38231
36.213058
-88.426137
38232
36.359010
-89.324181
38233
36.203444
-89.049080
38235
35.989282
-88.564002
38236
36.168109
-88.268062
38237
36.357888
-88.837836
38240
36.245091
-89.318119
38241
36.427772
-88.591844
38242
36.305579
-88.331120
38251
36.459872
-88.355856
38253
36.280302
-89.012899
38254
36.374904
-89.347404
38255
36.240718
-88.859130
38256
36.308521
-88.131502
38257
36.456709
-88.876526
38258
36.032905
-88.619280
38259
36.199703
-89.181542
38260
36.360777
-89.200363
38261
36.428860
-89.113506
38301
35.588164
-88.853395
38305
35.701654
-88.768058
38310
35.261655
-88.408590
38311
35.437098
-88.104204
38313
35.610339
-88.619827
38315
35.268299
-88.615671
38316
36.065982
-88.817584
38317
36.057937
-88.263810
38318
35.947414
-88.242002
38320
36.051656
-88.112600
38321
35.839302
-88.529314
38326
35.054660
-88.286193
38327
35.224410
-88.308574
38328
35.680535
-88.215686
38329
35.537576
-88.107790
38330
36.070503
-89.034414
38332
35.419089
-88.426452
38333
36.128104
-87.954460
38334
35.361284
-88.571718
38337
35.785274
-89.014027
38339
35.052384
-88.515064
38340
35.404805
-88.679411
38341
35.877577
-88.083895
38342
36.071740
-88.288871
38343
35.827399
-88.926409
38344
35.978164
-88.424138
38345
35.597455
-88.506055
38347
35.477766
-88.498600
38348
35.872744
-88.650963
38351
35.671066
-88.400018
38352
35.529461
-88.533849
38355
35.784009
-88.775061
38356
35.438397
-88.893792
38357
35.044831
-88.415357
38358
35.916675
-88.758664
38359
35.369843
-88.351356
38361
35.311301
-88.299924
38362
35.729072
-88.782978
38363
35.687839
-88.110728
38365
35.054250
-88.232127
38366
35.479000
-88.741273
38367
35.053048
-88.623242
38368
35.510913
-88.348129
38369
36.131922
-88.942666
38370
35.384301
-88.245325
38371
35.423968
-88.295293
38372
35.143564
-88.156874
38374
35.505610
-88.230904
38375
35.157812
-88.591697
38376
35.099209
-88.368705
38379
35.164244
-88.433753
38380
35.779631
-88.039214
38381
35.357143
-88.971421
38382
35.968379
-88.984461
38387
35.872920
-88.277462
38388
35.781570
-88.319968
38390
35.840533
-88.372301
38391
35.546571
-88.992177
38392
35.456728
-89.044845
38401
35.629164
-87.021526
38425
35.412153
-87.942934
38449
35.040468
-86.818212
38450
35.183633
-87.792814
38451
35.460534
-86.992239
38452
35.080355
-87.796307
38453
35.121360
-86.812108
38454
35.728171
-87.345316
38455
35.043543
-86.885707
38456
35.335466
-87.266389
38457
35.029325
-87.284446
38459
35.194281
-86.805450
38460
35.088664
-87.153186
38461
35.593001
-87.341971
38462
35.528112
-87.562951
38463
35.070595
-87.645115
38464
35.289918
-87.433746
38468
35.135146
-87.291063
38469
35.074631
-87.428316
38471
35.083901
-87.932397
38472
35.377585
-87.038554
38473
35.021246
-87.171674
38474
35.518403
-87.225908
38475
35.253475
-88.016092
38476
35.841197
-87.213756
38477
35.064974
-86.993085
38478
35.232879
-87.005872
38481
35.031294
-87.492372
38482
35.768825
-87.149896
38483
35.440765
-87.333659
38485
35.356672
-87.782248
38486
35.170567
-87.545112
38487
35.718387
-87.233460
38488
35.042917
-86.663495
38501
36.226045
-85.533285
38504
36.395597
-84.724434
38505
36.175064
-85.505075
38506
36.187036
-85.433518
38541
36.538018
-85.335604
38542
36.317132
-85.202215
38543
36.350088
-85.150003
38544
36.123588
-85.663143
38545
36.232094
-85.662826
38547
36.157253
-86.007905
38548
36.164152
-85.790513
38549
36.562090
-85.149065
38551
36.558050
-85.487178
38552
36.217685
-85.813769
38553
36.201867
-85.006319
38554
36.249490
-85.161655
38555
35.887881
-84.989016
38556
36.406761
-84.918949
38558
36.009851
-84.866557
38559
35.808437
-85.508014
38560
36.221926
-85.855639
38562
36.354002
-85.657669
38563
36.208803
-86.020716
38564
36.275933
-85.735915
38565
36.262749
-85.009462
38567
36.132827
-85.925669
38568
36.438492
-85.473057
38569
36.092341
-85.863129
38570
36.376292
-85.326413
38571
36.051604
-85.012804
38572
35.849059
-85.128960
38573
36.493416
-85.223882
38574
36.143643
-85.229288
38575
36.553225
-85.629502
38577
36.565958
-84.972516
38578
35.981795
-85.198328
38579
35.835867
-85.548177
38580
36.290013
-85.299934
38581
35.741040
-85.620827
38582
36.099444
-85.764549
38583
35.944540
-85.442214
38585
35.660333
-85.573029
38587
35.864761
-85.613998
38588
36.446386
-85.730671
38589
36.285583
-85.077112
38601
34.492325
-89.443056
38603
34.848410
-89.142260
38606
34.303285
-89.952250
38610
34.651787
-89.025549
38611
34.856233
-89.676020
38614
34.157044
-90.597737
38617
34.351812
-90.518475
38618
34.716282
-89.937848
38619
34.518142
-89.835541
38620
34.230138
-89.902510
38621
34.447192
-90.170459
38622
34.171912
-90.138492
38623
34.367635
-90.282834
38625
34.612136
-88.826435
38626
34.517362
-90.414527
38627
34.417830
-89.207944
38629
34.862808
-89.009788
38630
34.278839
-90.685609
38631
34.360976
-90.619981
38632
34.795914
-90.015068
38633
34.647337
-89.194971
38635
34.766909
-89.486327
38637
34.952081
-90.049209
38639
34.303055
-90.431940
38641
34.911876
-90.191356
38642
34.928904
-89.334667
38643
34.148487
-90.260865
38644
34.460809
-90.493530
38645
34.247849
-90.476420
38646
34.288806
-90.314411
38647
34.963506
-89.224108
38650
34.528102
-89.145451
38651
34.893416
-90.002219
38652
34.483075
-88.996667
38654
34.933929
-89.816280
38655
34.333217
-89.473309
38658
34.188341
-89.900997
38659
34.621505
-89.331511
38661
34.896991
-89.561056
38663
34.734051
-88.882216
38664
34.811462
-90.329253
38665
34.583273
-90.166012
38666
34.425884
-89.920273
38668
34.590668
-89.917818
38670
34.416895
-90.288714
38671
34.966260
-89.998152
38672
34.911400
-89.927894
38673
34.293443
-89.635806
38674
34.868370
-88.892398
38676
34.666450
-90.383731
38677
34.365410
-89.537177
38680
34.951674
-90.146147
38683
34.934910
-88.867314
38685
34.593050
-89.488478
38701
33.310738
-91.044262
38702
33.535666
-91.180051
38703
33.475662
-91.052834
38704
33.007175
-91.021252
38720
34.146008
-90.916641
38721
32.989634
-90.746359
38722
33.260304
-90.883939
38723
33.229662
-91.038367
38725
33.648757
-91.030947
38726
33.755796
-90.988708
38730
33.682859
-90.790778
38731
33.066600
-91.046742
38732
33.758855
-90.725595
38736
33.642790
-90.537368
38737
33.863521
-90.524172
38738
33.945099
-90.533141
38740
34.057678
-90.798760
38744
33.014154
-91.037148
38745
32.972278
-90.992816
38746
33.961973
-90.909267
38748
33.151196
-90.902048
38749
33.447423
-90.752367
38751
33.445530
-90.686995
38753
33.347339
-90.576284
38754
33.249944
-90.622535
38756
33.389575
-90.860250
38759
33.825158
-90.730327
38760
33.458034
-90.989273
38761
33.430152
-90.484464
38762
33.895940
-90.716631
38764
33.780114
-90.866202
38765
33.069113
-90.874611
38767
34.140502
-90.784721
38768
33.976095
-90.500566
38769
33.864775
-90.985297
38771
33.739965
-90.528989
38772
33.559244
-91.052351
38773
33.607259
-90.776876
38774
33.960037
-90.762860
38778
33.547117
-90.531332
38781
33.908553
-90.756588
38801
34.222629
-88.774588
38804
34.281378
-88.672873
38821
33.977521
-88.436749
38824
34.520784
-88.643025
38826
34.301247
-88.841482
38827
34.508759
-88.300006
38828
34.429858
-88.869190
38829
34.650610
-88.527211
38833
34.778912
-88.421437
38834
34.917111
-88.571777
38838
34.546433
-88.255741
38841
34.352581
-89.015298
38843
34.262054
-88.376344
38844
33.838614
-88.255262
38846
34.851720
-88.385389
38847
34.412540
-88.232960
38848
33.937645
-88.271066
38849
34.460959
-88.696052
38850
34.058891
-89.057937
38851
33.910353
-88.967727
38852
34.843688
-88.213248
38855
34.323342
-88.485408
38856
34.467115
-88.455149
38857
34.281521
-88.574989
38858
34.099953
-88.549477
38859
34.514877
-88.375117
38860
33.971749
-88.761409
38862
34.168139
-88.623239
38863
34.217915
-89.019053
38864
34.157283
-89.207666
38865
34.788031
-88.595406
38866
34.367620
-88.680078
38868
34.123549
-88.762644
38869
34.357456
-88.835132
38870
34.067434
-88.336282
38871
34.377194
-89.160025
38873
34.659698
-88.242903
38876
34.213590
-88.230292
38878
33.904511
-89.187449
38879
34.184616
-88.718163
38901
33.762528
-89.802915
38913
34.138881
-89.384872
38914
33.844262
-89.537044
38915
34.037640
-89.388855
38916
33.816534
-89.352740
38917
33.564953
-90.004512
38920
33.837158
-89.995950
38921
33.982154
-90.144181
38922
33.932695
-89.649202
38923
33.388781
-89.988064
38924
33.291490
-90.224611
38925
33.626030
-89.634279
38927
34.142879
-90.026843
38928
33.869471
-90.291899
38929
33.739460
-89.531313
38930
33.538009
-90.154386
38940
33.744152
-90.056824
38941
33.484573
-90.358231
38943
33.539901
-89.845569
38944
33.765008
-90.341539
38945
33.600450
-90.169364
38946
33.364004
-90.378549
38947
33.533842
-89.898549
38948
34.071728
-89.870357
38949
34.191573
-89.425419
38950
33.733058
-90.200045
38951
33.973783
-89.290490
38952
33.628122
-90.344867
38953
33.930672
-89.933405
38954
33.415410
-90.212157
38957
33.991776
-90.350322
38958
33.303673
-90.428149
38961
33.954527
-89.914974
38962
33.872154
-90.185241
38963
34.024899
-90.392827
38964
34.099060
-90.398491
38965
34.135546
-89.601746
38966
33.856176
-90.455247
38967
33.457399
-89.732453
39038
33.186060
-90.484577
39039
32.816804
-90.233723
39040
32.629706
-90.417476
39041
32.404769
-90.468863
39042
32.197497
-89.895012
39044
32.029303
-89.974668
39045
32.819535
-89.784552
39046
32.632350
-89.983640
39047
32.420973
-89.945744
39051
32.778076
-89.490169
39054
32.774344
-90.939277
39056
32.373552
-90.350592
39057
32.490854
-89.284427
39059
31.982459
-90.355783
39061
33.086397
-90.820582
39062
31.985095
-89.898309
39063
33.116674
-89.897489
39066
32.296627
-90.606153
39067
33.110083
-89.443782
39069
31.686160
-91.043249
39071
32.556371
-90.318383
39073
32.102431
-90.135817
39074
32.393704
-89.478007
39078
31.878048
-90.188204
39079
32.935327
-89.898550
39082
31.941844
-90.120075
39083
31.844615
-90.477306
39086
31.949428
-90.766630
39088
32.754644
-90.703709
39090
33.002016
-89.543898
39092
32.319548
-89.362401
39094
32.586250
-89.663156
39095
33.129605
-90.087121
39096
31.817628
-91.120695
39097
32.989067
-90.607666
39108
33.149349
-89.338532
39110
32.504199
-90.147242
39111
31.896635
-89.718092
39113
32.913834
-91.017222
39114
31.951836
-89.824587
39115
33.044863
-90.566898
39116
31.896441
-89.538254
39117
32.296241
-89.656952
39119
31.751549
-89.670777
39120
31.508800
-91.357415
39140
31.749259
-90.020236
39144
31.821213
-90.792161
39145
32.344663
-89.794359
39146
32.875897
-89.994910
39149
31.831965
-90.010649
39150
32.004742
-90.976048
39152
32.207475
-89.585474
39153
32.045133
-89.490046
39154
32.225111
-90.444671
39156
32.546541
-90.777590
39157
32.425874
-90.169852
39159
32.826566
-90.935377
39160
32.992412
-89.764800
39162
32.618799
-90.624417
39166
33.040820
-90.481639
39167
32.094163
-90.041201
39168
31.831878
-89.411823
39169
33.075892
-90.427897
39170
32.111772
-90.330654
39174
32.401478
-90.159514
39175
32.090718
-90.631235
39176
33.306079
-89.768327
39177
32.623273
-90.800274
39179
32.802440
-90.096935
39180
32.224042
-90.857132
39183
32.447078
-90.806610
39189
32.608003
-89.400149
39191
31.711309
-90.424334
39192
33.183639
-89.762234
39193
32.234475
-90.079333
39194
32.842991
-90.515099
39201
32.289606
-90.184324
39202
32.311113
-90.170982
39203
32.308883
-90.200338
39204
32.293984
-90.292255
39206
32.372390
-90.172452
39208
32.259775
-90.091940
39209
32.395519
-90.293173
39211
32.372138
-90.122743
39212
32.243243
-90.280387
39213
32.392757
-90.236590
39216
32.333857
-90.159647
39217
32.299131
-90.210495
39218
32.230413
-90.159622
39232
32.330662
-90.091792
39269
32.301140
-90.188903
39272
32.190610
-90.258327
39301
32.273646
-88.580360
39305
32.463029
-88.714721
39307
32.334866
-88.796844
39309
32.548929
-88.615424
39320
32.569335
-88.744163
39322
31.634095
-88.655268
39323
32.352256
-88.923758
39325
32.561981
-88.877459
39326
32.602744
-88.656165
39327
32.446095
-89.118554
39328
32.743509
-88.698611
39330
32.180797
-88.843394
39332
32.304300
-88.998857
39335
32.533136
-88.491090
39336
32.300601
-89.262200
39337
32.507687
-88.979980
39338
32.106743
-89.230936
39339
33.101905
-89.011663
39341
33.098547
-88.566395
39342
32.424496
-88.648338
39345
32.291789
-89.121899
39346
32.965035
-89.095535
39347
32.060443
-88.942004
39348
32.015293
-89.032672
39350
32.796469
-89.125241
39352
32.684042
-88.481687
39354
32.875326
-88.840419
39355
32.054731
-88.624649
39356
32.134212
-89.021973
39358
32.881711
-88.496009
39359
32.567824
-89.333571
39360
31.864814
-88.754017
39361
32.995473
-88.596380
39362
31.390960
-88.541129
39363
32.127054
-88.765481
39364
32.405281
-88.486617
39365
32.602694
-89.126133
39366
31.943818
-88.918617
39367
31.676874
-88.665860
39401
31.234112
-89.265885
39402
31.333704
-89.419175
39406
31.328445
-89.334570
39421
31.492362
-89.721243
39422
31.959313
-89.257708
39423
31.170495
-88.915119
39425
31.060357
-89.080132
39426
30.655222
-89.661259
39427
31.480130
-89.814542
39428
31.651051
-89.572839
39429
31.239384
-89.763166
39437
31.579926
-89.218571
39439
31.849171
-89.013986
39440
31.693212
-89.147245
39443
31.716721
-89.078154
39451
31.177200
-88.621661
39452
30.873965
-88.601995
39455
31.011868
-89.458807
39456
31.060070
-88.823703
39459
31.489786
-89.304575
39461
31.205789
-88.732708
39462
31.234012
-89.056621
39464
31.491996
-89.083938
39465
31.339572
-89.188170
39466
30.605858
-89.821422
39470
30.822939
-89.568872
39474
31.612600
-89.855176
39475
31.153471
-89.425372
39476
31.386969
-88.866929
39477
31.788272
-89.033802
39478
31.054177
-89.856810
39479
31.529263
-89.458176
39480
31.711510
-89.315093
39481
31.868385
-89.238136
39482
31.372022
-89.579154
39483
31.242774
-89.932348
39501
30.382966
-89.102426
39503
30.474612
-89.152878
39507
30.400484
-89.034466
39520
30.271271
-89.481753
39525
30.381932
-89.370784
39530
30.372650
-88.841513
39531
30.403994
-88.966133
39532
30.488308
-88.967295
39534
30.407735
-88.924685
39540
30.443102
-88.897238
39553
30.410447
-88.643886
39556
30.441530
-89.439972
39560
30.376353
-89.172731
39561
30.702516
-89.154883
39562
30.546682
-88.489452
39563
30.421750
-88.523082
39564
30.404770
-88.771229
39565
30.587095
-88.744463
39567
30.222715
-88.513647
39571
30.420066
-89.275043
39572
30.250826
-89.604803
39573
30.730997
-89.093397
39574
30.610132
-89.091766
39576
30.289810
-89.383391
39577
30.904729
-89.086488
39581
30.357101
-88.489323
39601
31.563294
-90.471082
39629
31.436637
-90.456850
39630
31.459306
-90.845350
39631
31.067208
-91.134006
39633
31.306441
-91.180646
39635
31.191428
-90.463425
39638
31.225004
-90.995924
39641
31.355199
-90.174857
39643
31.246549
-90.014258
39645
31.148785
-90.798891
39647
31.525975
-90.722700
39648
31.189378
-90.384217
39652
31.113659
-90.475396
39653
31.481823
-90.864478
39654
31.544944
-90.136681
39656
31.443901
-89.931798
39657
31.040324
-90.506268
39661
31.484447
-91.083468
39662
31.386372
-90.285394
39663
31.594893
-90.038161
39664
31.325970
-90.674153
39665
31.642810
-90.209176
39666
31.294934
-90.482522
39667
31.124737
-90.126164
39668
31.710493
-90.809340
39669
31.121117
-91.383123
39701
33.393934
-88.504720
39702
33.439736
-88.344713
39705
33.587945
-88.441102
39730
33.843635
-88.565615
39735
33.353169
-89.187425
39736
33.431914
-88.652317
39737
33.670566
-89.330323
39739
33.239354
-88.573864
39740
33.722448
-88.305334
39741
33.645295
-88.866068
39743
33.336759
-88.618920
39744
33.579940
-89.307271
39745
33.296546
-89.451227
39746
33.749040
-88.414965
39747
33.409239
-89.554553
39750
33.568955
-89.044772
39751
33.695301
-89.093267
39752
33.522607
-89.150748
39755
33.607091
-88.963874
39756
33.756717
-88.741085
39759
33.437924
-88.825142
39760
33.464234
-88.705141
39762
33.452793
-88.795207
39766
33.587707
-88.312071
39767
33.475490
-89.448706
39769
33.321925
-89.017837
39771
33.606242
-89.275295
39772
33.295108
-89.304307
39773
33.647676
-88.690332
39776
33.780141
-89.040474
39813
31.423156
-84.684305
39815
30.738850
-84.490698
39817
30.943525
-84.602003
39819
30.780756
-84.641196
39823
31.333568
-84.947033
39824
31.495163
-84.925018
39825
30.930767
-84.740763
39826
31.820634
-84.348887
39827
30.947615
-84.210378
39828
30.808346
-84.224088
39834
30.894278
-84.431150
39836
31.666007
-84.868633
39837
31.152104
-84.677706
39840
31.781300
-84.764124
39841
31.292866
-84.685044
39842
31.760949
-84.437475
39845
30.951450
-84.892724
39846
31.562973
-84.745898
39851
31.619831
-84.992583
39854
31.869218
-85.052557
39859
30.987638
-84.812759
39861
31.135350
-84.987248
39862
31.459371
-84.517381
39866
31.559484
-84.594397
39867
31.828416
-84.927893
39870
31.322028
-84.414137
39877
31.915159
-84.511576
39885
31.717438
-84.351066
39886
31.745736
-84.621515
39897
30.911205
-84.329813
