70001
29.983722
-90.167236
70002
30.012496
-90.162511
70003
30.001164
-90.209724
70005
29.999416
-90.134065
70006
30.014032
-90.191345
70030
29.819197
-90.439710
70031
29.943492
-90.295565
70032
29.958516
-89.997505
70036
29.714032
-90.121496
70037
29.771219
-90.075373
70038
29.349224
-89.438812
70039
29.887384
-90.388760
70040
29.740211
-89.922596
70041
29.375088
-89.587670
70043
29.948414
-89.962678
70047
29.968947
-90.367309
70049
30.030544
-90.571302
70050
29.379579
-89.590257
70051
30.085967
-90.647634
70052
30.055069
-90.695015
70053
29.913421
-90.053201
70056
29.887441
-90.027304
70057
29.962198
-90.464199
70058
29.868874
-90.064872
70062
29.991657
-90.258144
70065
30.026672
-90.253450
70067
29.710879
-90.096784
70068
30.156347
-90.436783
70070
29.829842
-90.310627
70071
30.051615
-90.705906
70072
29.835653
-90.110302
70075
29.933532
-89.921950
70076
30.061668
-90.649614
70079
30.003414
-90.410210
70080
29.883998
-90.433699
70082
29.563715
-89.749596
70083
29.463084
-89.894753
70084
30.075645
-90.567481
70085
29.836707
-89.737441
70086
30.036191
-90.865410
70087
29.976027
-90.315015
70090
29.969253
-90.701136
70091
29.112162
-89.351354
70092
29.898940
-89.895262
70094
29.915778
-90.207605
70112
29.957008
-90.076935
70113
29.943018
-90.083073
70114
29.937445
-90.032322
70115
29.923930
-90.102484
70116
29.967440
-90.064783
70117
29.968157
-90.029962
70118
29.944708
-90.125674
70119
29.975137
-90.086944
70121
29.960366
-90.163994
70122
30.013437
-90.062798
70123
29.949989
-90.205559
70124
30.007379
-90.103919
70125
29.952072
-90.103310
70126
30.018200
-90.020724
70127
30.023650
-89.977867
70128
30.050846
-89.956039
70129
30.080851
-89.813366
70130
29.937353
-90.069648
70131
29.906333
-89.958340
70139
29.950230
-90.070995
70163
29.950058
-90.075441
70301
29.808328
-90.750267
70339
29.909505
-91.182866
70340
29.669742
-91.104288
70341
30.032520
-91.067460
70342
29.693147
-91.238340
70343
29.548398
-90.557239
70344
29.176879
-90.515055
70345
29.548416
-90.259020
70346
30.153716
-91.003200
70352
29.684424
-90.940194
70353
29.358143
-90.700118
70354
29.452557
-90.282355
70355
29.717200
-90.468950
70356
29.631566
-90.970879
70357
29.242273
-90.219498
70358
29.214732
-90.027546
70359
29.694018
-90.776515
70360
29.578671
-90.805402
70363
29.538288
-90.704647
70364
29.627714
-90.681904
70372
29.782968
-90.988969
70373
29.597954
-90.318653
70374
29.604507
-90.501988
70375
29.690078
-90.536448
70377
29.347284
-90.502648
70380
29.731623
-91.134095
70390
29.897281
-91.031061
70391
29.990816
-91.060804
70392
29.731242
-91.318321
70393
29.991358
-91.007272
70394
29.692681
-90.616120
70395
29.697436
-90.861730
70397
29.396843
-90.791281
70401
30.533553
-90.455443
70402
30.516161
-90.470129
70403
30.485555
-90.487688
70420
30.484687
-89.953028
70422
30.734832
-90.480843
70426
30.926497
-89.858614
70427
30.744198
-89.912079
70431
30.616752
-89.967363
70433
30.458970
-90.158662
70435
30.556992
-90.106639
70436
30.793036
-90.521582
70437
30.619596
-90.209238
70438
30.846224
-90.111321
70441
30.859967
-90.749066
70442
30.693140
-90.334028
70443
30.632673
-90.534579
70444
30.897005
-90.489375
70445
30.375351
-89.910291
70446
30.630171
-90.349707
70447
30.422679
-90.205893
70448
30.362180
-90.039451
70449
30.273961
-90.670146
70450
30.928745
-90.266751
70451
30.548420
-90.480881
70452
30.420852
-89.799212
70453
30.700689
-90.764888
70454
30.362846
-90.358594
70455
30.529855
-90.323981
70456
30.787059
-90.504620
70458
30.261870
-89.794189
70460
30.297957
-89.840688
70461
30.234239
-89.715369
70462
30.376279
-90.580740
70463
30.658383
-89.903929
70464
30.551195
-89.919008
70465
30.856259
-90.523930
70466
30.568714
-90.500761
70471
30.407038
-90.063421
70501
30.241832
-91.991039
70503
30.172487
-92.060225
70506
30.195483
-92.081327
70507
30.278324
-92.028037
70508
30.155238
-92.028225
70510
29.894612
-92.193173
70512
30.415729
-91.920497
70513
29.899969
-91.903251
70514
29.849782
-91.546936
70515
30.452467
-92.577743
70516
30.370902
-92.303577
70517
30.298246
-91.833570
70518
30.134770
-91.927455
70519
30.080175
-91.897382
70520
30.329615
-92.033349
70523
29.871779
-91.440008
70524
30.556953
-92.311285
70525
30.411533
-92.218808
70526
30.210073
-92.379963
70528
29.939505
-91.984992
70529
30.202279
-92.161580
70531
30.233947
-92.517483
70532
30.452737
-92.697025
70533
29.890140
-92.046464
70534
30.217040
-92.438180
70535
30.463256
-92.420164
70537
30.251621
-92.570192
70538
29.623891
-91.545920
70541
30.426726
-92.047560
70542
30.009678
-92.584774
70543
30.335404
-92.501138
70544
29.904121
-91.662095
70546
30.266368
-92.673552
70548
29.812965
-92.405155
70549
30.069149
-92.804700
70550
30.518594
-92.187657
70552
30.067506
-91.672805
70554
30.618180
-92.484346
70555
30.081400
-92.145854
70556
30.195678
-92.557129
70558
30.100525
-92.075759
70559
30.128785
-92.502668
70560
29.921943
-91.878669
70563
30.016633
-91.710049
70570
30.533657
-92.104961
70575
29.948922
-92.158095
70576
30.780968
-92.418253
70577
30.551694
-91.940980
70578
30.231922
-92.261544
70580
30.675238
-92.428327
70581
30.250866
-92.731431
70582
30.161555
-91.783868
70583
30.261419
-92.124012
70584
30.389143
-92.097427
70585
30.878345
-92.407676
70586
30.746507
-92.328138
70589
30.680315
-92.003197
70591
30.257744
-92.832802
70592
30.080623
-92.012358
70601
30.226792
-93.215443
70605
30.129276
-93.273527
70607
30.038425
-93.190125
70611
30.348118
-93.203600
70615
30.255414
-93.126507
70630
30.025828
-93.016789
70631
29.853375
-93.568288
70632
29.836945
-93.057766
70633
30.426005
-93.391290
70634
30.793357
-93.240067
70637
30.697645
-92.963463
70638
30.849499
-92.797226
70639
30.978267
-93.491139
70640
30.371889
-92.904613
70643
29.820556
-92.811553
70644
30.792345
-92.945596
70645
29.928002
-93.473885
70646
30.088895
-92.918575
70647
30.254625
-93.023942
70648
30.505073
-92.889361
70650
30.237437
-92.923188
70651
30.572014
-92.960894
70652
30.608462
-93.267444
70653
30.667154
-93.562092
70654
30.664148
-92.884378
70655
30.661486
-92.731603
70656
30.959980
-92.966844
70657
30.503084
-93.153008
70658
30.527772
-93.043397
70659
30.921932
-93.284285
70660
30.556098
-93.444692
70661
30.353644
-93.653664
70662
30.799636
-92.993152
70663
30.290269
-93.371695
70665
30.121881
-93.451224
70668
30.187906
-93.598313
70669
30.242348
-93.272318
70706
30.607223
-90.907369
70710
30.353674
-91.259393
70711
30.524507
-90.592005
70712
30.969575
-91.596702
70714
30.587189
-91.127633
70715
30.762706
-91.676527
70719
30.363189
-91.299551
70721
30.223391
-91.079505
70722
30.854787
-90.945939
70723
30.059602
-90.840237
70725
30.128093
-90.959430
70726
30.425575
-90.886120
70729
30.587693
-91.344857
70730
30.809877
-91.094643
70732
30.618869
-91.608423
70733
30.299463
-90.813088
70734
30.206556
-90.996999
70736
30.632183
-91.338362
70737
30.222380
-90.922197
70739
30.601066
-90.965337
70740
30.310055
-91.439763
70743
30.031371
-90.775454
70744
30.553487
-90.674224
70747
30.873669
-91.676232
70748
30.817729
-91.193986
70749
30.648235
-91.391236
70750
30.504377
-91.776385
70752
30.586680
-91.406589
70753
30.942185
-91.732185
70754
30.407410
-90.750460
70755
30.593309
-91.530033
70756
30.546816
-91.614154
70757
30.489381
-91.519489
70759
30.697384
-91.579455
70760
30.707221
-91.448787
70761
30.974954
-91.038279
70762
30.578340
-91.464653
70763
30.044862
-90.741876
70764
30.216866
-91.282778
70767
30.481128
-91.330712
70769
30.307430
-90.940643
70770
30.643797
-90.996933
70772
30.436961
-91.468653
70773
30.610267
-91.363185
70774
30.214554
-90.761904
70775
30.858253
-91.369000
70776
30.265844
-91.086139
70777
30.740249
-91.078628
70778
30.157756
-90.862682
70780
30.298733
-91.185298
70782
30.951919
-91.511804
70783
30.685464
-91.403798
70785
30.557101
-90.819236
70787
30.961632
-91.440710
70788
30.140492
-91.172838
70789
30.940581
-91.082957
70791
30.651982
-91.154440
70801
30.449653
-91.185979
70802
30.444469
-91.177692
70803
30.414317
-91.177664
70805
30.488923
-91.158261
70806
30.448758
-91.124753
70807
30.543725
-91.219682
70808
30.404146
-91.139137
70809
30.394045
-91.070972
70810
30.345423
-91.094293
70811
30.537682
-91.134907
70812
30.500727
-91.110436
70814
30.485173
-91.068002
70815
30.455463
-91.066262
70816
30.431813
-91.021967
70817
30.375107
-90.980420
70818
30.542532
-91.049894
70819
30.472288
-91.007583
70820
30.365990
-91.203034
70836
30.391248
-91.090342
71001
32.591547
-92.889253
71003
32.629546
-93.030824
71004
32.748798
-93.859811
71006
32.722671
-93.630383
71007
32.362527
-94.006751
71008
32.347123
-92.968651
71016
32.224441
-93.116314
71018
32.823719
-93.426706
71019
32.048755
-93.316966
71021
32.967708
-93.446542
71023
32.476212
-93.410302
71024
32.498109
-93.201695
71027
32.253378
-93.640018
71028
32.489720
-93.083643
71029
32.837200
-93.841034
71030
32.195972
-93.784896
71031
32.002968
-92.904241
71032
32.094865
-93.795369
71033
32.411940
-94.011244
71034
32.181488
-93.311368
71037
32.410397
-93.435079
71038
32.951539
-93.062870
71039
32.430294
-93.289700
71040
32.767250
-93.014421
71043
32.886012
-93.887836
71044
32.954178
-93.882456
71045
32.331739
-93.184610
71046
32.163058
-93.948825
71047
32.289524
-93.914938
71048
32.838519
-92.845589
71049
32.009206
-93.966552
71051
32.319454
-93.477953
71052
32.003718
-93.663325
71055
32.676883
-93.293312
71060
32.654036
-93.980614
71061
32.778033
-93.953876
71063
31.911493
-93.515127
71064
32.913180
-93.679607
71065
31.803198
-93.502679
71067
32.600224
-93.504640
71068
32.276728
-93.303454
71069
32.967888
-93.987968
71070
32.100774
-93.007304
71071
32.921887
-93.456762
71072
32.937113
-93.311269
71073
32.514140
-93.311486
71075
32.986023
-93.511209
71078
32.256528
-93.781888
71079
32.956967
-92.808437
71082
32.832791
-93.964667
71101
32.506371
-93.747221
71103
32.491938
-93.772093
71104
32.483775
-93.731646
71105
32.456691
-93.709890
71106
32.378491
-93.730669
71107
32.589703
-93.861398
71108
32.443173
-93.787826
71109
32.467911
-93.813872
71110
32.504869
-93.596146
71111
32.573248
-93.697166
71112
32.453027
-93.620833
71115
32.268803
-93.579561
71118
32.393679
-93.804064
71119
32.490693
-93.925460
71129
32.386060
-93.913664
71201
32.532929
-92.105911
71202
32.399905
-92.056550
71203
32.581992
-92.018573
71209
32.529023
-92.069585
71219
32.325706
-91.693220
71220
32.864539
-91.908541
71222
32.826236
-92.656885
71223
32.888913
-91.654814
71225
32.512270
-92.338609
71226
32.250749
-92.437982
71227
32.535200
-92.471563
71229
32.631925
-91.896752
71232
32.405303
-91.466092
71233
32.325177
-90.932097
71234
32.645230
-92.330531
71235
32.690015
-92.673804
71237
32.597160
-91.494797
71238
32.363051
-92.375269
71241
32.779372
-92.352043
71243
31.951730
-91.816093
71245
32.534103
-92.726168
71247
32.273656
-92.722016
71250
32.954994
-91.583189
71251
32.220631
-92.676890
71253
32.991202
-91.309440
71254
32.796481
-91.253379
71256
32.949640
-92.721146
71259
32.259266
-91.848657
71260
32.907919
-92.234961
71261
32.772402
-91.698336
71263
32.871845
-91.425837
71264
32.601281
-91.772528
71266
32.694294
-91.504067
71268
32.346067
-92.737020
71269
32.440635
-91.793784
71270
32.489856
-92.643874
71272
32.526867
-92.649341
71275
32.511899
-92.816833
71276
32.570267
-91.147816
71277
32.943343
-92.550972
71279
32.487355
-91.857122
71280
32.717701
-92.101204
71282
32.358981
-91.181064
71286
32.659214
-91.198986
71291
32.565188
-92.173211
71292
32.396681
-92.214761
71295
32.147290
-91.707255
71301
31.274156
-92.467107
71302
31.197018
-92.370220
71303
31.281321
-92.547344
71316
31.241848
-91.741404
71322
30.871119
-92.175559
71323
31.267741
-92.211702
71325
30.999205
-92.322145
71326
31.777078
-91.603933
71327
30.991981
-92.001383
71328
31.355100
-92.175517
71331
31.256365
-92.113041
71333
30.909986
-92.071870
71334
31.663443
-91.558351
71336
32.027122
-91.591595
71339
31.013823
-91.932294
71340
31.759812
-91.808050
71341
31.065430
-92.168056
71342
31.605159
-92.140729
71343
31.520809
-91.899171
71345
30.728356
-91.975451
71346
31.118246
-92.374928
71350
31.067691
-92.074182
71351
31.184246
-91.960829
71353
30.832659
-91.923863
71354
31.404457
-91.750053
71355
31.058389
-91.841208
71356
30.815703
-92.040935
71357
32.118991
-91.299302
71358
30.691880
-91.870105
71360
31.325173
-92.355426
71362
30.899115
-91.961060
71366
31.937216
-91.337058
71367
30.881575
-92.298045
71368
31.879707
-91.681882
71369
30.930023
-91.877060
71371
31.681682
-92.255293
71373
31.313431
-91.608945
71375
31.873718
-91.487345
71377
31.610604
-91.786272
71378
31.942365
-91.708659
71401
31.797481
-91.945921
71403
31.213288
-93.432754
71404
31.747006
-92.751585
71405
31.409505
-92.401730
71406
31.733102
-93.504579
71407
31.511005
-92.485916
71409
31.310753
-92.689221
71410
31.964808
-92.771461
71411
31.905455
-93.090534
71414
31.827920
-93.023916
71416
31.540434
-92.896951
71417
31.508204
-92.649646
71418
32.153952
-92.066771
71419
31.818530
-93.710730
71422
32.075286
-92.665698
71423
31.608231
-92.568390
71424
31.203796
-92.696141
71425
31.883638
-91.863599
71426
31.498904
-93.459879
71427
31.393954
-92.895939
71429
31.409171
-93.434636
71430
31.045222
-92.495816
71432
31.749577
-92.467710
71433
31.001180
-92.639215
71435
32.031741
-92.166355
71438
31.123274
-92.824105
71439
31.336817
-93.395725
71441
31.951563
-92.153440
71446
31.166711
-93.186912
71447
31.439054
-92.812704
71449
31.545133
-93.511491
71450
31.777653
-93.415279
71452
31.582642
-92.945043
71454
31.691420
-92.858382
71455
31.403448
-92.989500
71456
31.642077
-92.978467
71457
31.741703
-93.106492
71459
31.049318
-93.223890
71461
31.117838
-93.290291
71462
31.656767
-93.721339
71463
30.810055
-92.609872
71465
31.876829
-92.179143
71466
31.215147
-92.748626
71467
31.563329
-92.387104
71468
31.480849
-93.148903
71469
31.694472
-93.270631
71472
31.168851
-92.787163
71473
32.060376
-92.436094
71474
31.274616
-93.013045
71479
31.848859
-92.367977
71480
31.863388
-92.290978
71483
31.892384
-92.657875
71485
31.156749
-92.542333
71486
31.650584
-93.618811
71601
34.179380
-91.892483
71602
34.266229
-92.145367
71603
34.121075
-92.088127
71630
33.633558
-91.223589
71631
33.580025
-92.264958
71635
33.131047
-91.996516
71638
33.520936
-91.484668
71639
33.901486
-91.520391
71640
33.101249
-91.278273
71642
33.387396
-91.887479
71643
34.016891
-91.576497
71644
34.098305
-91.704715
71646
33.235429
-91.787551
71647
33.364360
-92.114035
71651
33.326924
-92.295767
71652
33.932638
-92.333039
71653
33.343373
-91.251768
71654
33.621094
-91.371153
71655
33.639810
-91.749571
71658
33.315968
-91.562057
71659
34.143574
-91.775881
71660
33.758739
-92.202721
71661
33.151034
-91.550243
71662
33.843455
-91.506833
71663
33.226443
-91.429483
71665
33.930261
-92.109532
71666
33.761091
-91.282229
71667
33.924461
-91.837116
71670
33.715991
-91.390919
71671
33.602006
-92.096018
71674
33.837003
-91.175206
71675
33.591748
-91.938191
71676
33.052152
-91.567580
71677
33.761909
-91.480643
71701
33.586463
-92.819690
71711
33.637549
-92.720251
71720
33.786212
-92.654681
71722
33.721791
-93.174681
71724
33.327776
-92.535675
71725
34.049630
-92.557937
71726
33.672341
-92.986057
71730
33.199030
-92.627076
71740
33.076871
-93.167354
71742
33.852672
-92.448887
71743
33.889333
-93.097793
71744
33.496803
-92.480163
71745
33.500818
-92.396099
71747
33.060728
-92.202880
71749
33.071881
-92.818579
71751
33.411484
-92.760260
71752
33.391416
-93.191768
71753
33.225678
-93.184674
71758
33.309289
-92.914948
71759
33.320979
-92.644172
71762
33.342917
-92.768357
71763
33.916457
-92.805340
71764
33.431882
-93.048947
71765
33.141882
-92.331795
71766
33.725131
-92.506653
71770
33.388092
-93.317427
71772
33.832752
-93.126174
71801
33.645860
-93.598870
71820
33.799412
-94.272577
71822
33.663118
-94.156400
71823
33.829113
-94.123319
71825
33.877866
-93.556441
71826
33.092540
-93.723219
71827
33.425189
-93.396517
71832
34.036919
-94.351136
71833
34.141928
-94.041250
71834
33.114843
-93.957845
71835
33.644014
-93.429182
71836
33.714994
-94.397650
71837
33.254898
-93.845308
71838
33.652497
-93.812294
71839
33.334866
-93.729040
71841
34.161997
-94.339515
71842
33.902882
-94.285269
71845
33.315589
-93.643958
71846
33.943752
-94.127770
71847
33.926269
-93.636786
71851
33.856659
-93.942522
71852
33.997681
-93.855553
71853
33.593799
-93.938035
71854
33.451415
-93.881829
71855
33.865153
-93.751335
71857
33.801479
-93.337654
71858
33.585124
-93.263750
71859
33.744439
-93.910186
71860
33.290219
-93.489664
71861
33.100673
-93.499952
71862
33.779653
-93.728054
71865
33.741162
-94.149927
71866
33.877497
-94.406484
71901
34.526450
-92.974070
71909
34.644075
-92.997324
71913
34.449190
-93.094280
71921
34.243654
-93.390909
71922
34.023207
-93.413297
71923
34.085089
-93.045270
71929
34.303737
-93.159556
71933
34.407893
-93.614130
71935
34.394967
-93.751324
71937
34.399366
-94.390304
71940
34.023351
-93.520415
71941
34.247210
-92.948769
71943
34.340323
-93.607285
71944
34.242824
-94.332769
71945
34.485153
-94.339565
71949
34.699085
-93.220798
71950
34.256158
-93.718063
71952
34.280872
-93.884533
71953
34.608016
-94.197193
71956
34.598636
-93.153438
71957
34.565024
-93.574701
71958
34.123352
-93.664613
71959
34.243165
-93.931584
71960
34.490338
-93.711367
71961
34.600315
-93.838360
71962
34.036195
-93.322745
71964
34.424134
-93.240731
71965
34.670485
-93.746571
71968
34.524171
-93.290496
71969
34.669242
-93.629210
71970
34.668934
-93.489154
71971
34.304313
-94.034714
71972
34.382891
-94.276862
71973
34.301884
-94.319040
71998
34.126385
-93.055286
71999
34.127458
-93.059067
72001
35.058330
-92.885860
72002
34.660794
-92.527512
72003
34.382529
-91.390261
72004
34.282786
-91.779310
72005
35.537189
-91.070427
72006
35.243873
-91.359583
72007
35.001903
-91.983177
72010
35.320195
-91.537618
72011
34.500623
-92.465885
72012
35.094807
-91.907593
72013
35.455344
-92.368472
72014
35.432603
-91.111303
72015
34.485899
-92.585099
72016
34.970823
-92.632882
72017
34.900249
-91.416432
72019
34.638030
-92.685264
72020
35.472034
-91.470145
72021
34.845540
-91.217479
72022
34.607458
-92.488544
72023
34.964339
-92.063643
72024
34.760848
-91.741919
72025
35.052328
-92.999375
72026
34.505228
-91.295000
72027
35.373818
-92.572871
72029
34.707123
-91.238574
72030
35.427088
-92.675908
72031
35.633661
-92.531647
72032
35.065558
-92.362771
72034
35.049921
-92.486049
72035
35.078783
-92.457396
72036
35.011116
-91.273098
72037
34.537252
-91.874861
72038
34.452651
-91.238115
72039
35.356086
-92.397345
72040
34.969670
-91.532797
72041
34.721785
-91.467356
72042
34.260580
-91.324460
72044
35.660028
-92.164976
72045
35.129841
-92.032290
72046
34.558460
-91.950851
72047
35.223786
-92.210700
72048
34.228976
-91.145253
72051
35.786051
-92.321011
72055
34.098693
-91.354190
72057
34.140940
-92.310368
72058
35.245865
-92.374241
72059
35.139596
-91.315005
72060
35.073708
-91.599008
72061
35.321872
-92.299078
72063
35.318066
-92.790118
72064
34.791589
-91.608698
72065
34.534624
-92.286377
72067
35.563373
-92.155437
72068
35.190295
-91.710756
72069
34.532140
-91.137845
72070
35.008120
-92.706952
72072
34.523961
-91.739547
72073
34.381138
-91.669076
72074
35.078270
-91.095316
72076
34.912086
-92.137672
72079
34.390551
-92.173538
72080
35.426694
-92.747294
72081
35.381616
-91.670102
72082
35.232834
-91.673570
72083
34.593525
-92.008721
72084
34.143955
-92.667507
72085
35.363910
-91.829124
72086
34.806999
-91.907634
72087
34.596727
-92.826199
72088
35.595187
-92.267834
72099
34.899278
-92.141459
72101
35.245352
-91.161529
72102
35.147155
-91.830017
72103
34.590508
-92.390062
72104
34.342042
-92.821803
72106
34.973928
-92.525787
72107
35.141743
-92.536054
72108
34.687786
-91.066022
72110
35.156526
-92.781361
72111
35.238551
-92.131305
72112
35.580917
-91.229715
72113
34.859573
-92.397599
72114
34.764902
-92.260348
72116
34.800258
-92.245317
72117
34.769184
-92.144675
72118
34.840468
-92.326035
72119
34.833991
-92.292194
72120
34.902228
-92.240817
72121
35.455321
-91.786140
72122
34.777889
-92.808354
72123
35.258734
-91.235397
72125
35.066192
-92.790669
72126
34.942761
-92.916207
72127
35.173110
-92.606047
72128
34.313075
-92.621439
72129
34.325784
-92.542653
72130
35.661399
-92.056438
72131
35.416053
-92.189540
72132
34.446255
-92.204770
72134
34.617770
-91.350611
72135
34.877841
-92.540100
72136
35.239530
-92.000438
72137
35.336271
-92.042179
72139
35.361010
-91.507764
72140
34.362455
-91.167189
72141
35.513306
-92.672187
72142
34.697279
-92.043838
72143
35.232983
-91.736474
72149
35.249093
-91.726214
72150
34.313346
-92.394071
72152
34.356114
-91.979332
72153
35.646122
-92.326256
72156
35.281036
-92.685033
72157
35.271498
-92.556712
72160
34.427743
-91.528699
72165
35.575447
-91.457962
72166
34.069097
-91.221874
72167
34.417804
-92.647499
72168
34.440061
-91.971787
72169
35.396491
-91.226565
72170
34.586000
-91.417505
72173
35.100101
-92.211144
72175
34.336715
-91.764040
72176
35.002357
-91.835241
72179
35.503585
-91.855553
72181
35.162396
-92.445162
72201
34.746905
-92.280049
72202
34.737441
-92.304426
72204
34.717572
-92.358332
72205
34.750326
-92.351206
72206
34.632851
-92.234987
72207
34.773531
-92.346499
72209
34.676378
-92.345074
72210
34.713900
-92.508450
72211
34.750556
-92.417622
72212
34.785888
-92.415028
72223
34.788759
-92.511255
72227
34.776850
-92.373303
72301
35.144685
-90.189236
72311
34.723829
-90.891484
72315
35.902669
-89.903375
72320
34.824331
-90.524725
72321
35.815947
-89.944647
72322
35.064896
-90.822072
72324
35.390418
-90.786566
72325
35.322367
-90.246032
72326
35.116264
-90.907852
72327
35.232873
-90.333647
72328
34.146418
-91.046746
72329
35.614569
-89.988071
72330
35.587794
-90.210306
72331
35.281026
-90.466302
72332
35.101950
-90.308837
72333
34.302009
-90.866644
72335
34.994390
-90.746054
72338
35.399830
-90.154794
72339
35.421994
-90.268119
72340
34.939320
-91.027828
72341
34.878390
-90.769095
72342
34.448956
-90.684489
72346
35.082326
-90.484490
72347
35.377735
-91.014425
72348
34.941764
-90.417886
72350
35.499779
-90.129180
72351
35.673715
-90.096403
72353
34.300515
-91.007283
72354
35.618776
-90.319431
72355
34.650542
-90.851870
72358
35.792094
-89.892431
72359
35.026355
-90.722129
72360
34.750303
-90.780769
72364
35.217536
-90.189224
72365
35.520868
-90.450029
72366
34.518108
-90.960860
72367
34.197327
-90.943901
72368
34.810402
-91.023371
72370
35.752466
-90.083224
72372
34.967590
-90.950562
72373
35.308676
-90.594228
72374
34.566337
-90.833499
72376
35.087232
-90.299750
72377
35.692827
-90.335972
72379
34.054801
-91.040941
72383
34.491057
-91.039625
72384
35.375795
-90.219489
72386
35.461832
-90.369400
72389
34.371344
-90.912075
72390
34.551084
-90.679239
72392
34.965598
-91.100606
72394
35.060030
-90.614018
72395
35.593090
-90.081246
72396
35.230092
-90.822521
72401
35.886336
-90.656787
72404
35.773902
-90.778826
72410
35.947477
-91.097648
72411
35.745090
-90.575507
72412
36.124167
-90.694379
72413
36.301830
-90.822219
72414
35.824824
-90.373985
72415
36.126668
-91.175013
72416
35.963977
-90.795721
72417
35.915690
-90.532225
72419
35.749768
-90.353547
72421
35.785321
-90.971951
72422
36.424558
-90.519488
72424
36.390520
-90.736340
72425
36.215249
-90.739245
72426
35.868207
-90.041639
72427
35.867051
-90.935662
72428
35.739260
-90.224299
72429
35.506079
-90.928396
72430
36.334516
-90.171274
72431
35.632571
-91.079409
72432
35.552623
-90.720174
72433
36.025741
-91.047639
72434
36.217536
-91.156352
72435
36.315759
-90.579100
72436
36.239729
-90.479990
72437
35.848040
-90.458558
72438
35.949087
-90.222350
72440
35.986140
-91.281620
72441
36.436948
-90.385308
72442
35.818572
-90.186693
72443
36.175770
-90.411414
72444
36.428649
-90.852789
72445
35.976509
-91.026607
72447
35.908766
-90.328370
72449
36.177462
-90.819634
72450
36.079547
-90.516440
72453
36.294573
-90.708009
72454
36.406778
-90.202659
72455
36.319648
-91.029167
72456
36.447254
-90.338356
72457
36.088945
-91.068176
72458
36.072601
-91.158549
72459
36.292523
-91.292989
72460
36.349823
-91.169303
72461
36.266147
-90.285238
72462
36.389125
-90.759335
72464
36.457839
-90.144042
72466
36.053793
-91.330727
72467
35.841039
-90.675602
72469
35.951825
-91.289073
72470
36.474682
-90.692281
72471
35.827874
-91.110148
72472
35.596453
-90.534179
72473
35.738276
-91.171315
72476
36.051180
-90.920214
72478
36.447875
-91.058981
72479
35.633662
-90.905465
72482
36.277559
-91.367518
72501
35.791180
-91.653400
72512
36.220421
-91.746312
72513
36.226285
-91.658306
72515
36.276377
-92.056433
72517
36.132311
-91.973275
72519
36.134123
-92.180309
72520
36.390900
-91.720193
72521
35.949672
-91.541117
72522
35.810886
-91.470428
72523
35.627793
-91.844656
72524
35.840215
-91.311438
72526
35.883601
-91.778938
72527
35.739859
-91.684984
72528
36.227487
-92.138311
72529
36.291822
-91.564287
72530
35.603972
-91.944791
72531
36.330225
-92.139838
72532
36.103956
-91.600598
72533
35.976571
-92.251747
72534
35.601037
-91.744389
72536
36.143874
-91.768166
72537
36.446110
-92.222537
72538
36.445567
-92.100292
72539
36.332138
-91.711127
72540
35.919437
-91.910055
72542
36.300396
-91.465971
72543
35.450539
-91.987292
72544
36.403646
-92.189682
72546
35.578928
-91.941038
72550
35.710126
-91.783974
72553
35.700266
-91.480845
72554
36.438698
-91.562211
72555
35.781440
-91.875264
72556
36.013879
-91.970010
72560
35.850952
-92.094132
72561
35.949063
-91.807728
72562
35.735469
-91.401119
72564
35.595880
-91.456611
72565
36.217199
-91.912314
72566
36.216676
-92.078119
72567
35.814566
-91.925950
72568
35.569396
-91.624998
72569
35.979240
-91.502840
72571
35.641682
-91.551195
72572
35.899142
-91.291045
72573
36.076165
-91.797364
72576
36.348507
-91.856063
72577
36.027139
-91.713945
72578
36.453153
-91.886354
72579
35.848823
-91.449194
72581
35.550956
-91.989244
72583
36.414782
-91.994123
72584
36.140991
-91.843710
72585
36.183223
-92.008137
72587
36.225589
-91.816758
72601
36.238038
-93.085958
72611
36.244080
-93.330635
72616
36.329292
-93.553018
72617
36.019992
-92.386913
72619
36.373570
-92.591504
72623
36.447646
-92.320790
72624
36.057715
-93.381785
72626
36.322178
-92.551534
72628
35.839875
-93.281762
72629
35.738502
-92.566795
72630
36.478794
-92.904905
72631
36.376757
-93.881615
72632
36.373296
-93.743854
72633
36.128875
-92.872765
72634
36.199884
-92.513351
72635
36.318364
-92.513841
72636
35.989702
-92.716224
72638
36.322765
-93.404544
72639
36.015321
-92.480229
72640
36.002794
-93.059430
72641
35.986549
-93.243741
72642
36.370544
-92.544307
72644
36.433123
-92.992763
72645
35.804138
-92.575385
72648
36.087809
-93.162053
72650
35.884317
-92.701437
72651
36.388396
-92.482359
72653
36.342381
-92.385430
72655
35.900720
-93.016516
72658
36.159705
-92.327173
72660
36.478646
-93.377872
72661
36.437505
-92.578701
72662
36.431043
-93.180824
72663
35.937773
-92.327794
72666
35.942261
-93.265385
72668
36.445080
-92.783366
72669
36.064725
-92.876161
72670
35.981749
-93.387917
72672
36.287895
-92.844306
72675
36.000216
-92.800216
72677
36.252614
-92.685316
72679
35.730057
-92.832143
72680
35.887327
-92.329526
72682
36.137542
-92.741396
72683
35.923130
-93.102771
72685
36.064122
-92.985530
72686
35.780294
-92.843531
72687
36.262203
-92.706353
72701
35.992387
-94.085584
72703
36.118051
-94.043538
72704
36.105647
-94.296500
72712
36.346296
-94.256484
72714
36.467350
-94.222151
72715
36.467146
-94.304915
72717
35.835094
-94.408423
72718
36.268430
-94.219503
72719
36.367161
-94.295087
72721
35.860581
-93.779764
72722
36.343752
-94.469914
72727
35.923747
-93.927682
72729
35.771526
-94.456211
72730
36.030478
-94.268678
72732
36.432453
-93.959439
72734
36.270250
-94.451058
72736
36.413793
-94.465005
72738
36.155770
-93.886848
72739
36.426746
-94.328797
72740
36.104648
-93.655394
72742
35.963804
-93.501240
72744
35.962601
-94.435558
72745
36.246524
-94.102609
72747
36.368630
-94.582789
72749
35.868416
-94.437597
72751
36.462735
-94.114406
72752
35.817589
-93.590342
72753
35.933889
-94.331072
72756
36.322984
-93.975926
72758
36.299665
-94.137210
72760
35.840520
-93.702256
72761
36.165256
-94.456061
72762
36.181650
-94.230680
72764
36.175681
-94.060222
72768
36.478322
-94.498595
72769
36.035857
-94.495898
72773
36.022252
-93.835973
72774
35.759113
-94.374923
72776
35.921488
-93.649644
72801
35.279124
-93.140861
72802
35.318940
-93.081593
72821
35.434935
-93.717371
72823
35.251217
-92.905571
72824
35.132996
-93.412111
72826
35.119440
-93.708890
72827
34.871709
-93.625647
72828
34.930718
-93.534996
72830
35.509167
-93.515619
72832
35.414740
-93.670516
72833
35.021703
-93.472595
72834
35.168824
-93.183821
72835
35.277807
-93.346299
72837
35.503672
-93.109424
72838
34.910749
-93.679045
72839
35.629695
-93.244275
72840
35.458090
-93.615427
72841
34.837334
-93.800571
72842
35.082360
-93.617487
72843
35.599930
-92.937520
72845
35.361650
-93.377876
72846
35.483900
-93.326796
72847
35.377533
-93.273453
72851
35.255427
-93.438111
72852
35.668768
-93.553758
72853
35.016857
-93.202379
72854
35.718188
-93.423184
72855
35.258968
-93.683862
72856
35.790270
-93.089516
72857
34.862186
-93.324090
72858
35.240245
-93.044400
72860
34.965767
-93.445860
72863
35.369401
-93.511253
72865
35.311517
-93.575735
72901
35.366187
-94.416458
72903
35.350978
-94.361247
72904
35.413340
-94.382352
72908
35.309004
-94.407401
72916
35.260717
-94.390182
72921
35.477097
-94.196206
72923
35.315617
-94.309073
72926
34.732436
-94.036964
72927
35.080085
-93.939782
72928
35.291336
-93.930613
72930
35.429277
-93.959258
72932
35.604175
-94.377256
72933
35.328642
-94.013024
72934
35.686804
-94.284335
72935
35.491341
-94.126436
72936
35.189722
-94.218475
72937
35.134729
-94.391456
72938
35.004129
-94.377828
72940
35.122069
-94.259293
72941
35.367914
-94.156309
72943
35.180144
-93.786949
72944
35.024077
-94.234595
72945
35.087414
-94.347319
72946
35.669540
-94.134989
72947
35.572054
-94.028384
72948
35.702664
-94.392935
72949
35.584296
-93.805150
72950
34.776041
-93.888006
72951
35.327345
-93.872128
72952
35.568775
-94.300407
72955
35.614175
-94.437781
72956
35.468947
-94.348179
72958
34.903819
-94.137036
72959
35.790380
-94.071982
73002
34.939235
-97.728318
73003
35.668905
-97.497380
73004
35.152297
-97.844118
73005
35.051308
-98.240141
73006
34.906219
-98.400220
73007
35.685355
-97.327459
73008
35.513888
-97.647993
73009
35.286344
-98.372836
73010
35.111365
-97.679215
73011
34.847842
-97.746577
73012
35.660305
-97.589433
73013
35.617421
-97.482513
73014
35.587533
-98.145189
73015
35.083633
-98.594435
73016
35.802067
-97.687445
73017
34.925449
-98.095409
73018
35.051452
-97.940504
73019
35.206058
-97.443580
73020
35.458810
-97.262802
73021
35.345111
-98.663738
73024
35.358544
-98.797830
73025
35.734307
-97.575952
73026
35.240460
-97.275732
73027
35.978182
-97.251982
73028
35.977961
-97.631503
73029
34.905404
-98.206268
73030
34.466145
-97.164542
73032
34.398366
-97.047749
73033
35.314385
-98.546625
73034
35.703333
-97.433595
73036
35.509391
-97.959769
73038
35.124497
-98.451298
73040
35.645563
-98.375225
73041
35.042288
-98.876115
73042
35.222848
-98.247001
73043
35.734241
-98.403655
73044
35.859563
-97.422527
73045
35.514271
-97.150530
73047
35.456816
-98.315115
73048
35.496580
-98.546273
73049
35.587212
-97.313952
73050
35.938697
-97.263815
73051
35.031807
-97.246363
73052
34.833535
-97.589045
73053
35.355908
-98.412145
73054
35.671555
-97.190309
73055
34.643824
-97.910716
73056
36.176938
-97.626209
73057
34.831011
-97.428612
73058
35.815567
-97.220104
73059
35.311705
-98.046390
73061
36.355132
-97.005557
73062
35.046247
-98.740922
73063
36.052707
-97.425008
73064
35.368764
-97.746556
73065
35.255216
-97.610156
73066
35.500215
-97.327478
73067
34.911077
-97.907103
73068
35.138630
-97.291608
73069
35.252521
-97.464398
73071
35.238316
-97.411948
73072
35.211565
-97.501018
73073
36.151761
-97.415610
73074
34.833387
-97.274101
73075
34.748808
-97.232285
73077
36.306134
-97.266383
73078
35.674850
-97.753510
73079
35.210934
-98.012001
73080
34.994900
-97.479873
73082
34.776197
-97.902110
73084
35.525860
-97.344367
73086
34.472963
-96.970793
73089
35.268623
-97.792855
73090
35.398904
-97.948406
73092
35.123886
-98.100016
73093
35.109788
-97.486697
73095
34.898559
-97.296142
73096
35.514052
-98.740993
73097
35.400491
-97.644789
73098
34.628309
-97.161761
73099
35.527369
-97.782510
73102
35.470749
-97.519001
73103
35.489073
-97.518909
73104
35.475232
-97.503918
73105
35.520032
-97.501254
73106
35.481973
-97.536811
73107
35.481599
-97.575603
73108
35.450017
-97.567686
73109
35.433058
-97.524547
73110
35.461181
-97.397642
73111
35.519496
-97.477422
73112
35.518170
-97.575423
73114
35.578131
-97.517635
73115
35.442339
-97.441527
73116
35.546701
-97.564592
73117
35.474862
-97.462502
73118
35.517968
-97.528718
73119
35.422007
-97.566126
73120
35.581316
-97.573674
73121
35.520517
-97.439527
73122
35.520484
-97.613440
73127
35.477422
-97.653194
73128
35.458482
-97.662381
73129
35.431478
-97.484281
73130
35.458652
-97.345586
73131
35.576458
-97.469294
73132
35.553400
-97.633325
73134
35.614217
-97.568313
73135
35.400268
-97.433076
73139
35.386377
-97.525689
73141
35.519962
-97.394475
73142
35.616432
-97.645435
73145
35.419090
-97.394038
73149
35.389409
-97.489327
73150
35.401238
-97.329876
73151
35.571686
-97.416539
73159
35.387855
-97.578835
73160
35.332438
-97.475217
73162
35.582011
-97.640928
73165
35.355435
-97.365215
73169
35.382770
-97.642601
73170
35.325574
-97.552465
73173
35.340805
-97.627491
73179
35.428391
-97.640843
73401
34.203289
-97.115520
73425
34.455104
-97.558417
73430
33.898323
-97.361382
73432
34.251243
-96.413878
73433
34.628170
-97.406715
73434
34.618434
-97.578939
73437
34.367943
-97.412376
73438
34.281559
-97.503211
73439
33.937901
-96.744113
73440
33.944702
-96.896744
73441
33.904470
-97.430574
73442
34.327013
-97.664593
73443
34.161956
-97.297727
73444
34.475095
-97.361366
73446
34.089847
-96.777725
73447
34.247252
-96.853450
73448
33.948312
-97.106144
73449
34.008689
-96.544119
73450
34.263432
-96.533234
73453
34.040983
-97.232262
73455
34.229981
-96.760353
73456
34.130127
-97.639345
73458
34.352109
-97.256312
73459
33.781032
-97.130460
73460
34.275807
-96.651260
73461
34.360797
-96.456915
73463
34.107640
-97.435335
73481
34.439267
-97.522014
73487
34.484337
-97.448953
73491
34.473395
-97.637933
73501
34.557945
-98.290973
73503
34.682971
-98.491820
73505
34.572630
-98.479104
73507
34.610635
-98.420813
73520
34.263009
-97.989868
73521
34.641313
-99.315940
73526
34.791644
-99.275969
73527
34.578229
-98.622288
73528
34.398379
-98.633421
73529
34.350658
-97.944725
73530
34.255180
-99.022339
73531
34.194637
-98.536922
73532
34.643206
-99.585884
73533
34.504996
-97.866739
73537
34.486692
-99.664244
73538
34.745631
-98.433160
73539
34.457248
-99.280735
73540
34.467092
-98.560889
73541
34.788728
-98.180721
73542
34.401795
-98.948196
73543
34.470062
-98.374021
73544
34.682536
-99.745682
73546
34.222944
-98.723483
73547
34.993064
-99.414089
73548
34.169530
-98.274418
73549
34.644812
-99.152829
73550
34.689605
-99.900320
73551
34.354051
-98.888948
73552
34.642436
-98.761949
73553
34.326642
-98.722084
73554
34.893237
-99.616858
73555
34.501511
-98.965922
73556
34.730084
-99.384051
73557
34.731987
-98.488973
73559
34.731386
-98.963699
73560
34.539355
-99.446780
73562
34.181006
-98.409240
73564
34.848450
-98.999659
73565
34.019909
-97.893975
73566
34.615969
-98.931114
73567
34.745916
-98.144111
73568
34.252094
-98.213039
73569
33.936131
-97.782013
73570
34.514630
-99.114772
73571
34.931288
-99.900323
73572
34.357391
-98.341341
73573
34.165641
-97.938643
73601
35.489614
-98.963496
73620
35.622330
-99.025127
73622
35.386159
-98.996649
73624
35.341629
-99.177885
73625
35.676706
-99.190504
73626
35.421462
-99.278941
73627
35.197014
-99.452704
73628
35.630462
-99.699840
73632
35.269560
-98.932044
73638
35.840371
-99.784713
73639
35.739089
-98.960620
73641
35.271211
-99.173707
73642
35.822727
-99.909944
73644
35.419594
-99.437791
73645
35.197482
-99.896396
73646
35.829574
-98.609606
73647
35.435500
-99.151286
73650
35.645945
-99.402948
73651
35.014541
-99.075637
73654
35.870929
-99.367422
73655
34.982350
-99.263681
73658
35.949209
-98.741972
73659
35.862816
-98.917268
73660
35.617653
-99.917328
73661
35.167199
-99.009351
73662
35.298362
-99.684321
73663
36.102944
-98.894969
73664
35.185996
-99.247421
73666
35.472982
-99.920163
73667
36.005902
-99.039900
73669
35.730713
-98.744834
73673
35.054415
-99.567517
73701
36.426744
-97.791989
73703
36.427053
-97.969332
73705
36.338237
-97.902629
73716
36.499454
-98.524842
73717
36.848381
-98.764389
73718
36.224794
-98.166797
73719
36.956781
-98.288439
73720
36.201132
-97.872750
73722
36.885031
-98.347319
73724
36.052152
-98.663719
73726
36.587781
-98.497112
73727
36.499524
-98.041755
73728
36.746063
-98.370066
73729
36.422428
-98.476608
73730
36.320793
-97.539278
73731
36.644994
-98.603442
73733
36.254662
-97.687940
73734
35.978388
-97.863019
73735
36.280361
-98.062871
73736
36.340239
-97.681730
73737
36.299426
-98.640492
73738
36.451015
-97.552000
73739
36.514327
-98.143749
73741
36.557445
-98.256726
73742
36.095059
-97.934650
73743
36.577272
-98.012769
73744
35.947878
-98.306188
73746
36.685121
-98.657712
73747
36.227890
-98.331843
73749
36.716824
-98.154935
73750
35.852627
-97.952374
73753
36.555251
-97.863739
73754
36.398190
-98.096146
73755
36.138233
-98.564734
73756
35.979497
-98.130059
73757
36.286890
-97.458191
73758
36.950248
-98.081048
73759
36.860105
-97.720424
73760
36.371004
-98.169059
73761
36.682910
-98.043453
73762
35.713187
-97.964437
73763
36.093704
-98.325804
73764
35.854740
-98.201702
73766
36.655593
-97.825727
73768
36.354754
-98.292563
73771
36.875804
-97.973133
73772
35.863246
-98.430296
73773
36.265726
-97.920476
73801
36.485433
-99.412748
73832
36.049393
-99.689049
73834
36.846523
-99.540299
73835
35.968551
-99.218586
73838
36.237873
-98.895489
73840
36.356148
-99.614847
73841
36.558739
-99.624304
73842
36.818340
-99.198573
73843
36.398532
-99.814293
73844
36.870963
-100.142214
73848
36.660888
-100.012458
73851
36.591412
-99.806525
73852
36.479260
-99.120104
73853
36.241563
-99.147365
73855
36.917876
-99.867740
73857
36.270809
-99.332734
73858
36.179173
-99.921531
73859
36.126415
-99.299640
73860
36.542527
-98.842859
73901
36.740055
-101.017225
73931
36.608697
-100.797981
73932
36.706920
-100.492472
73933
36.740858
-102.579737
73937
36.554897
-102.795910
73938
36.932374
-100.578761
73939
36.776778
-101.789896
73942
36.738486
-101.506398
73944
36.594634
-101.107049
73945
36.826905
-101.232916
73946
36.935479
-102.804080
73947
36.827673
-102.149096
73949
36.581136
-101.915456
73950
36.854789
-100.894970
73951
36.942874
-101.053915
74001
36.493354
-96.082863
74002
36.557219
-96.143009
74003
36.728268
-96.067573
74006
36.712435
-95.895038
74008
35.924499
-95.877707
74010
35.814546
-96.363831
74011
35.981812
-95.809191
74012
36.051418
-95.805731
74014
36.055624
-95.680819
74015
36.180425
-95.702839
74016
36.545156
-95.451260
74017
36.390927
-95.587689
74019
36.284765
-95.603194
74020
36.246194
-96.420750
74021
36.383819
-95.842017
74022
36.944296
-95.987762
74023
35.958944
-96.751382
74026
35.711744
-96.761978
74027
36.788597
-95.586008
74028
35.786264
-96.520013
74029
36.822884
-95.889907
74030
35.986110
-96.558818
74032
36.206930
-96.898778
74033
35.945897
-96.007520
74034
36.226279
-96.579091
74035
36.421404
-96.387993
74036
36.158045
-95.506549
74037
35.998551
-95.979890
74038
36.156966
-96.559316
74039
35.901719
-96.236557
74041
35.941653
-96.055667
74042
36.858607
-95.577942
74044
36.096730
-96.382612
74045
36.221128
-96.708163
74046
35.750950
-96.559172
74047
35.853239
-96.010853
74048
36.695375
-95.658799
74050
36.072824
-96.064581
74051
36.612997
-95.956681
74052
36.085423
-96.578090
74053
36.430563
-95.731724
74054
36.281990
-96.353125
74055
36.276728
-95.818917
74056
36.795306
-96.330856
74058
36.362625
-96.758594
74059
35.971732
-97.067586
74060
36.271975
-96.246207
74061
36.533125
-95.892635
74062
36.037717
-96.900950
74063
36.150767
-96.199590
74066
35.993142
-96.164294
74068
35.907253
-96.577983
74070
36.400254
-96.083089
74071
35.777885
-96.277572
74072
36.951523
-95.534407
74073
36.293084
-96.026176
74074
36.078949
-97.074012
74075
36.169145
-97.083384
74078
36.124101
-97.070460
74079
35.746626
-96.655169
74080
36.542107
-95.749012
74081
36.180517
-96.451507
74082
36.450476
-95.881557
74083
36.879210
-95.753383
74084
36.528853
-96.361515
74085
36.110793
-96.722608
74103
36.155599
-95.994556
74104
36.146467
-95.954003
74105
36.097442
-95.961087
74106
36.191942
-95.985150
74107
36.114847
-96.032320
74108
36.140188
-95.789544
74110
36.188283
-95.953083
74112
36.147036
-95.902328
74114
36.126943
-95.946695
74115
36.199202
-95.908785
74116
36.188756
-95.842573
74117
36.246054
-95.901586
74119
36.142083
-95.989179
74120
36.150737
-95.977408
74126
36.241925
-96.025829
74127
36.173134
-96.046424
74128
36.147479
-95.851454
74129
36.125850
-95.871575
74130
36.241454
-95.956565
74131
36.053594
-96.065099
74132
36.048782
-96.016734
74133
36.039275
-95.877463
74134
36.109821
-95.798024
74135
36.096205
-95.924016
74136
36.062400
-95.941457
74137
36.022431
-95.930573
74145
36.097138
-95.890482
74146
36.099206
-95.855541
74301
36.677726
-95.224726
74330
36.437107
-95.272373
74331
36.639422
-94.940409
74332
36.516971
-95.228630
74333
36.794004
-95.081910
74337
36.140741
-95.336936
74338
36.257119
-94.731772
74339
36.933947
-94.879710
74340
36.475230
-95.023102
74342
36.429301
-94.933848
74343
36.736252
-94.820920
74344
36.595479
-94.740655
74346
36.439428
-94.754142
74347
36.195781
-94.841478
74349
36.517520
-95.037356
74350
36.464827
-95.054369
74352
36.141914
-95.180396
74354
36.886136
-94.882511
74358
36.917847
-94.880601
74359
36.173525
-94.792217
74360
36.963522
-94.836064
74361
36.302767
-95.306842
74363
36.955400
-94.715091
74364
36.196316
-94.948524
74365
36.293708
-95.071341
74366
36.390403
-95.046162
74367
36.416088
-95.112888
74368
36.207553
-94.848541
74369
36.924620
-95.202002
74370
36.749774
-94.680369
74401
35.723078
-95.467700
74403
35.670516
-95.306945
74421
35.762714
-96.042025
74422
35.622580
-95.704549
74423
35.672774
-95.191729
74425
35.170896
-95.641497
74426
35.451697
-95.530308
74427
35.678906
-94.888846
74428
35.569374
-95.637768
74429
35.955784
-95.627392
74430
35.126888
-95.661226
74431
35.470865
-95.941735
74432
35.284422
-95.659320
74434
35.809549
-95.210870
74435
35.576616
-95.093838
74436
35.797413
-95.696981
74437
35.447884
-95.935810
74438
35.544553
-95.758759
74441
35.976851
-95.145009
74442
35.131606
-95.833419
74445
35.631467
-95.828602
74446
35.849008
-95.315722
74447
35.640224
-96.001771
74450
35.599877
-95.478178
74451
35.735256
-94.964139
74452
36.120172
-95.068078
74454
35.854320
-95.515876
74455
35.361221
-95.261462
74456
35.711240
-95.996987
74457
36.005807
-94.850178
74458
35.883581
-95.591741
74459
35.534348
-95.492198
74460
35.507855
-95.956524
74462
35.290920
-95.164244
74463
35.759528
-95.550283
74464
35.927971
-94.982454
74467
35.967471
-95.392908
74468
35.612166
-95.568090
74469
35.495106
-95.308333
74470
35.476717
-95.166878
74471
35.834204
-94.871883
74472
35.249889
-95.268414
74477
36.003882
-95.266587
74501
34.985768
-95.790791
74521
34.654509
-95.088174
74522
34.903596
-95.692957
74523
34.228459
-95.611929
74525
34.336039
-96.068096
74528
34.720120
-95.723961
74530
34.436325
-96.494702
74531
34.885419
-96.251927
74533
34.208012
-96.197011
74534
34.615230
-96.367738
74535
34.484536
-96.445879
74536
34.582802
-95.423010
74538
34.582143
-96.258960
74540
34.571036
-95.708133
74543
34.370550
-95.437629
74546
34.858706
-95.579631
74547
34.810079
-95.613824
74549
34.562463
-94.894131
74552
35.120749
-95.242662
74553
34.713427
-95.925266
74554
34.921188
-95.710710
74555
34.249162
-95.964544
74556
34.464259
-96.179638
74557
34.386811
-95.697877
74558
34.504780
-95.165928
74560
34.648749
-95.760132
74561
35.130293
-95.415199
74562
34.296000
-95.285523
74563
34.969930
-95.072648
74565
34.802192
-95.845244
74567
34.426298
-95.392805
74569
34.477288
-95.924577
74570
34.862799
-96.100966
74571
34.717269
-94.978738
74572
34.644404
-96.428447
74574
34.689048
-95.290387
74576
34.656757
-96.037040
74577
34.689014
-94.904367
74578
34.906148
-95.341654
74601
36.702158
-97.148862
74604
36.701928
-96.982361
74630
36.512112
-97.433506
74631
36.792837
-97.305252
74632
36.938862
-97.338198
74633
36.710214
-96.776634
74636
36.817793
-97.522271
74637
36.567632
-96.661624
74640
36.551638
-97.651364
74641
36.807652
-96.890431
74643
36.655037
-97.575123
74644
36.552865
-97.098274
74646
36.832439
-97.441607
74647
36.918100
-96.994561
74650
36.487629
-96.750282
74651
36.468416
-97.173257
74652
36.859145
-96.644047
74653
36.649344
-97.350320
74701
34.006822
-96.378921
74720
33.831466
-96.371691
74722
34.379582
-94.898278
74723
33.992937
-96.017155
74724
34.346276
-94.861330
74726
33.941237
-96.174339
74727
34.018744
-95.858764
74728
34.150313
-94.802807
74729
34.146611
-96.253976
74730
33.912019
-96.430988
74731
33.874342
-96.561202
74733
33.822346
-96.481884
74734
34.102246
-94.542510
74735
34.096917
-95.247451
74736
33.932171
-94.996817
74738
33.895691
-95.443392
74740
33.767393
-94.597149
74741
33.792480
-96.328328
74743
34.008426
-95.494469
74745
33.859098
-94.816353
74747
33.776584
-96.357317
74748
34.117828
-96.576857
74750
33.965194
-95.020642
74753
33.907926
-96.536581
74754
34.197935
-95.134370
74755
34.134683
-95.114767
74756
34.084510
-95.374012
74759
34.056296
-95.719572
74760
34.163146
-95.355769
74761
34.005089
-95.200867
74764
34.046949
-95.095563
74766
34.143876
-94.980172
74801
35.315129
-96.969671
74804
35.391465
-96.921469
74820
34.788674
-96.715184
74824
35.888673
-96.871192
74825
34.817952
-96.409963
74826
35.021029
-96.887141
74827
34.939752
-96.343385
74829
35.517014
-96.472326
74830
35.143879
-96.664970
74831
34.908121
-97.059948
74832
35.828769
-97.006776
74833
35.570796
-96.412186
74834
35.701353
-96.884595
74836
34.466680
-96.705526
74837
35.362682
-96.449187
74839
35.241382
-96.032446
74840
35.259807
-96.842789
74842
34.625589
-96.613712
74843
34.657003
-96.728609
74844
34.865518
-96.572386
74845
35.249320
-95.888346
74848
35.078885
-96.361626
74849
34.978391
-96.735519
74850
35.109677
-96.107056
74851
35.426238
-97.081953
74852
35.123940
-97.008872
74854
35.108543
-96.749097
74855
35.519045
-96.898554
74856
34.421746
-96.807482
74857
35.336799
-97.196790
74859
35.456479
-96.321622
74860
35.531903
-96.569823
74864
35.495336
-96.709810
74865
34.602134
-96.803612
74867
34.970304
-96.563479
74868
35.278531
-96.644613
74869
35.601184
-96.760037
74871
34.605109
-96.544061
74872
34.771696
-96.988016
74873
35.220987
-96.969539
74875
35.877069
-96.969603
74878
35.004771
-97.069829
74880
35.377444
-96.119784
74881
35.714361
-97.079617
74883
35.219684
-96.225558
74884
35.190556
-96.515468
74901
35.367066
-94.441795
74902
35.242852
-94.490337
74930
35.183480
-94.776318
74931
35.698852
-94.740242
74932
35.151594
-94.537988
74935
34.949759
-94.896391
74936
35.376865
-94.724464
74937
34.817524
-94.587454
74939
34.729805
-94.632473
74940
34.953637
-94.622427
74941
35.287754
-94.883911
74942
34.900349
-94.978885
74943
35.071975
-95.079958
74944
35.139374
-94.989915
74945
35.599476
-94.809421
74946
35.392450
-94.454714
74948
35.467968
-94.568942
74949
34.660972
-94.752143
74951
35.170654
-94.656684
74953
35.043440
-94.610420
74954
35.425015
-94.502571
74955
35.496424
-94.748101
74956
35.109713
-94.769089
74957
34.523791
-94.655141
74959
35.270912
-94.623306
74960
35.810418
-94.650483
74962
35.544019
-94.940814
74963
34.400244
-94.579745
74964
36.111948
-94.658801
74965
35.996540
-94.631092
74966
34.917644
-94.865138
75001
32.960047
-96.838522
75002
33.089854
-96.608600
75006
32.962141
-96.898585
75007
33.005262
-96.896742
75009
33.338899
-96.752977
75010
33.051791
-96.914027
75013
33.114327
-96.693964
75019
32.963417
-96.984664
75020
33.770785
-96.604061
75021
33.727114
-96.470771
75022
33.034890
-97.124906
75023
33.056789
-96.730859
75024
33.075422
-96.802686
75025
33.090085
-96.740008
75028
33.032710
-97.060070
75032
32.857112
-96.431210
75034
33.148685
-96.859878
75035
33.163130
-96.790193
75038
32.874776
-96.996862
75039
32.885608
-96.942654
75040
32.928902
-96.619782
75041
32.880196
-96.651555
75042
32.911702
-96.674838
75043
32.857447
-96.575798
75044
32.964609
-96.649688
75048
32.969015
-96.579498
75050
32.773069
-97.005227
75051
32.729439
-96.996469
75052
32.664772
-97.029478
75054
32.591210
-97.039429
75056
33.070183
-96.917762
75057
33.050725
-96.974623
75058
33.450768
-96.742245
75060
32.796483
-96.954806
75061
32.825907
-96.966915
75062
32.847370
-96.957871
75063
32.920235
-96.985203
75065
33.110351
-97.005469
75067
33.013747
-97.000171
75068
33.175005
-96.952125
75069
33.176772
-96.590083
75070
33.171930
-96.696261
75071
33.245816
-96.630720
75074
33.031561
-96.673164
75075
33.021268
-96.741558
75076
33.800692
-96.726011
75077
33.081178
-97.060925
75078
33.241332
-96.812388
75080
32.976063
-96.742080
75081
32.948918
-96.709719
75082
32.991567
-96.662949
75087
32.943901
-96.452875
75088
32.897841
-96.550370
75089
32.936586
-96.551566
75090
33.604131
-96.550405
75092
33.652066
-96.700263
75093
33.034224
-96.811608
75094
33.021794
-96.615481
75098
33.012135
-96.534936
75101
32.270032
-96.702494
75102
32.057938
-96.632547
75103
32.516930
-95.883547
75104
32.584814
-96.972312
75105
32.263010
-96.387663
75109
32.042784
-96.343754
75110
32.084614
-96.527768
75114
32.610575
-96.444256
75115
32.599427
-96.864075
75116
32.660660
-96.911882
75117
32.715013
-95.854461
75119
32.325847
-96.588575
75124
32.326026
-95.974056
75125
32.536700
-96.621747
75126
32.742601
-96.452883
75127
32.690295
-95.789932
75132
32.945748
-96.373883
75134
32.617663
-96.778058
75135
33.066345
-96.221437
75137
32.643212
-96.916468
75140
32.635479
-95.686402
75141
32.637333
-96.697609
75142
32.568163
-96.250214
75143
32.364579
-96.244987
75144
32.108388
-96.207955
75146
32.564518
-96.752222
75147
32.436676
-96.079558
75148
32.124647
-96.025790
75149
32.773369
-96.618811
75150
32.817399
-96.630416
75152
32.439871
-96.678051
75153
32.158261
-96.329631
75154
32.524259
-96.809069
75155
32.229113
-96.475509
75156
32.277923
-96.105287
75157
32.464184
-96.439335
75158
32.462594
-96.402343
75159
32.604518
-96.543556
75160
32.758408
-96.301323
75161
32.738471
-96.169166
75163
32.166777
-96.118531
75164
33.065971
-96.308737
75165
32.373351
-96.787085
75166
33.013047
-96.453887
75167
32.360829
-96.915523
75169
32.703269
-95.994666
75172
32.605177
-96.674317
75173
33.061737
-96.395825
75180
32.716606
-96.620087
75181
32.723893
-96.555804
75182
32.800525
-96.547577
75189
32.942050
-96.311669
75201
32.787760
-96.799426
75202
32.779253
-96.804768
75203
32.746823
-96.802681
75204
32.802127
-96.788853
75205
32.835893
-96.795514
75206
32.831279
-96.771191
75207
32.786796
-96.819971
75208
32.753141
-96.839613
75209
32.848310
-96.825474
75210
32.770635
-96.746362
75211
32.736498
-96.907096
75212
32.781246
-96.878831
75214
32.828494
-96.745968
75215
32.750602
-96.756846
75216
32.711324
-96.781215
75217
32.710306
-96.678549
75218
32.841987
-96.702574
75219
32.811814
-96.812897
75220
32.868529
-96.876118
75223
32.792244
-96.744003
75224
32.711405
-96.838591
75225
32.864887
-96.790359
75226
32.782826
-96.776443
75227
32.766810
-96.686900
75228
32.824924
-96.679438
75229
32.893295
-96.864339
75230
32.902679
-96.793393
75231
32.873494
-96.747555
75232
32.660862
-96.840948
75233
32.703913
-96.871889
75234
32.923189
-96.891721
75235
32.832614
-96.849082
75236
32.676435
-96.936810
75237
32.665617
-96.873056
75238
32.878497
-96.707819
75240
32.930338
-96.787496
75241
32.665447
-96.759461
75243
32.912633
-96.736637
75244
32.925367
-96.836334
75246
32.792496
-96.772763
75247
32.813735
-96.883667
75248
32.969699
-96.797334
75249
32.636053
-96.964574
75251
32.919789
-96.770948
75252
32.997373
-96.788213
75253
32.674426
-96.609228
75254
32.944116
-96.800090
75270
32.781197
-96.802229
75287
32.999309
-96.841688
75390
32.814164
-96.840650
75401
33.189002
-96.108829
75402
33.067866
-96.087970
75407
33.155696
-96.481105
75409
33.355500
-96.516313
75410
32.790203
-95.631982
75411
33.866542
-95.639723
75412
33.801868
-95.151966
75413
33.441440
-96.179163
75414
33.623645
-96.427867
75415
33.462218
-95.757461
75416
33.683869
-95.344733
75417
33.439658
-95.140371
75418
33.571922
-96.170962
75420
33.052795
-95.721230
75421
33.661952
-95.731361
75422
33.141516
-95.934235
75423
33.284688
-96.200217
75424
33.321715
-96.378507
75426
33.663063
-94.997258
75428
33.274704
-95.917561
75431
33.014190
-95.460935
75432
33.397601
-95.681769
75433
33.098096
-95.803234
75435
33.482646
-95.320088
75436
33.712875
-95.240728
75437
33.261225
-95.472420
75438
33.615571
-96.072162
75439
33.553520
-96.282897
75440
32.881155
-95.747763
75441
33.427656
-95.642911
75442
33.174219
-96.356004
75446
33.615168
-95.900111
75447
33.776751
-96.109370
75448
33.316269
-95.788968
75449
33.420872
-95.945707
75450
33.402250
-95.483203
75451
32.965772
-95.127063
75452
33.402226
-96.238570
75453
32.997657
-95.932679
75454
33.285610
-96.566004
75455
33.216815
-94.975144
75457
33.168595
-95.215150
75459
33.532620
-96.671495
75460
33.655496
-95.605190
75462
33.624342
-95.491817
75468
33.502170
-95.402880
75469
33.421409
-95.810604
75470
33.576823
-95.809701
75471
33.056806
-95.373518
75472
32.884423
-95.869602
75473
33.815579
-95.488005
75474
32.924005
-96.109433
75475
33.474893
-96.238245
75476
33.708311
-96.240654
75477
33.529909
-95.738073
75478
33.176532
-95.358602
75479
33.618238
-96.333077
75480
33.024585
-95.197134
75481
33.320029
-95.373504
75482
33.167968
-95.608224
75486
33.745236
-95.744327
75487
33.334851
-95.161500
75488
33.778767
-95.996778
75489
33.519251
-96.484323
75490
33.438031
-96.308280
75491
33.486324
-96.395930
75492
33.584372
-95.993544
75493
33.146015
-95.107952
75494
32.917192
-95.259860
75495
33.439195
-96.546841
75496
33.349640
-96.057908
75497
32.924728
-95.568154
75501
33.371831
-94.139813
75503
33.511784
-94.133888
75550
33.498221
-94.890845
75551
33.119332
-94.220491
75554
33.553515
-94.780261
75555
32.939166
-94.142315
75556
33.154789
-94.062407
75558
33.241961
-94.857848
75559
33.503694
-94.627358
75560
33.185033
-94.363930
75561
33.516756
-94.281559
75562
32.925399
-94.248447
75563
33.002696
-94.383454
75565
32.926794
-94.071475
75566
33.148175
-94.491749
75567
33.310991
-94.311711
75568
33.193211
-94.587279
75569
33.441822
-94.128587
75570
33.459359
-94.439042
75571
33.207019
-94.773630
75572
33.225893
-94.127695
75573
33.348136
-94.229045
75574
33.325004
-94.550659
75601
32.508568
-94.724056
75602
32.449598
-94.666048
75603
32.403050
-94.711177
75604
32.509164
-94.824416
75605
32.582243
-94.725529
75630
32.867555
-94.549488
75631
32.249318
-94.453220
75633
32.138496
-94.274156
75638
33.020475
-94.729699
75639
32.293824
-94.169679
75640
32.708417
-94.683181
75641
32.378406
-94.575782
75642
32.371536
-94.176598
75643
32.019371
-94.361907
75644
32.791213
-94.999846
75645
32.688692
-94.871843
75647
32.514634
-94.953287
75650
32.513277
-94.548846
75651
32.664407
-94.538189
75652
32.239409
-94.728328
75654
32.077773
-94.830130
75656
33.011304
-94.572161
75657
32.794973
-94.310306
75661
32.631317
-94.171261
75662
32.384458
-94.870169
75667
31.988175
-94.844274
75668
32.907075
-94.678637
75669
32.038799
-94.575880
75670
32.569858
-94.418658
75672
32.468303
-94.299079
75681
31.925449
-94.704029
75682
32.250339
-94.936535
75683
32.826816
-94.737224
75684
32.277021
-94.937156
75686
32.965131
-94.951917
75691
32.311917
-94.551752
75692
32.470841
-94.118036
75693
32.533780
-94.860660
75701
32.321937
-95.302223
75702
32.362434
-95.315262
75703
32.235097
-95.320779
75704
32.413201
-95.444258
75705
32.362631
-95.086688
75706
32.469555
-95.307879
75707
32.301709
-95.177976
75708
32.418412
-95.213070
75709
32.304313
-95.390937
75750
32.267540
-95.077715
75751
32.094348
-95.906047
75752
32.251937
-95.799861
75754
32.426670
-95.667877
75755
32.641695
-95.075624
75756
32.302029
-95.600894
75757
32.110453
-95.348074
75758
32.271436
-95.521442
75759
32.035939
-95.418796
75760
31.796249
-94.854340
75762
32.218341
-95.413445
75763
32.042754
-95.523388
75764
31.895427
-95.143719
75765
32.642043
-95.234859
75766
31.944675
-95.256775
75770
32.158557
-95.643712
75771
32.537897
-95.435716
75773
32.681453
-95.447702
75778
32.300926
-95.709837
75779
31.863226
-95.484612
75780
31.991020
-95.091844
75783
32.816459
-95.424768
75784
31.872135
-94.974153
75785
31.775433
-95.196550
75788
31.825939
-94.925873
75789
32.109512
-95.094194
75790
32.535169
-95.643977
75791
32.221677
-95.220676
75792
32.476100
-95.100668
75801
31.734462
-95.531204
75803
31.881777
-95.679494
75831
31.473667
-96.009365
75832
31.932016
-95.980741
75833
31.268635
-95.843907
75835
31.284891
-95.490625
75838
31.478900
-96.229757
75839
31.606693
-95.583340
75840
31.782559
-96.093621
75844
31.513801
-95.437616
75845
31.087602
-95.076984
75846
31.328853
-96.152369
75847
31.356209
-95.152898
75848
31.765238
-96.329928
75849
31.417411
-95.481647
75850
31.135677
-95.935045
75851
31.092367
-95.499937
75852
30.959521
-95.715509
75853
31.946873
-95.814467
75855
31.557331
-95.863641
75856
31.188898
-95.255739
75858
31.390774
-95.126654
75859
31.893076
-96.236904
75860
31.611350
-96.238051
75861
31.851579
-95.888459
75862
30.964728
-95.325895
75901
31.301675
-94.641408
75904
31.340532
-94.826097
75925
31.614855
-95.062493
75926
31.248085
-94.969099
75928
30.671395
-93.711340
75929
31.245162
-94.175514
75930
31.327534
-94.031144
75931
31.113664
-94.021385
75932
31.056147
-93.615655
75933
30.553812
-93.812696
75934
30.894876
-94.759085
75935
31.732513
-94.191290
75936
30.952076
-94.579622
75937
31.465322
-94.367317
75938
30.940517
-94.353640
75939
31.013779
-94.797420
75941
31.187072
-94.758803
75942
30.815166
-94.430587
75943
31.658422
-94.894177
75944
31.354095
-94.387680
75946
31.819331
-94.520645
75948
31.307588
-93.784102
75949
31.229843
-94.509183
75951
30.934425
-94.059578
75954
31.904341
-94.048094
75956
30.676367
-93.983120
75959
31.512307
-93.861732
75960
30.912856
-94.865672
75961
31.558362
-94.504771
75962
31.619873
-94.647080
75964
31.631742
-94.740721
75965
31.723324
-94.628592
75966
30.827969
-93.714446
75968
31.252156
-93.954016
75969
31.445715
-94.887590
75972
31.483597
-94.131501
75973
31.711317
-93.942853
75974
31.958364
-94.239838
75975
31.897138
-94.413785
75976
31.527552
-94.925270
75977
31.065187
-93.786673
75978
31.509059
-94.527256
75979
30.748559
-94.389120
75980
31.138382
-94.375214
76001
32.637555
-97.147930
76002
32.621896
-97.093509
76006
32.784931
-97.099915
76008
32.695633
-97.630059
76009
32.414937
-97.200076
76010
32.722828
-97.080311
76011
32.754272
-97.083196
76012
32.755130
-97.139242
76013
32.719328
-97.155027
76014
32.692105
-97.086517
76015
32.692198
-97.133787
76016
32.689222
-97.189130
76017
32.662513
-97.164024
76018
32.664591
-97.096469
76020
32.900196
-97.561179
76021
32.852971
-97.130443
76022
32.830659
-97.145163
76023
33.041942
-97.597083
76028
32.532677
-97.306547
76031
32.346162
-97.328078
76033
32.275189
-97.511185
76034
32.891478
-97.149747
76035
32.561809
-97.633657
76036
32.581053
-97.419576
76039
32.860285
-97.086028
76040
32.814107
-97.091323
76041
32.237638
-96.841750
76043
32.208483
-97.795247
76044
32.425936
-97.539874
76048
32.422347
-97.811542
76049
32.459816
-97.706975
76050
32.280895
-97.160931
76051
32.925765
-97.071545
76052
32.986137
-97.374691
76053
32.817200
-97.180586
76054
32.859410
-97.178636
76055
32.162541
-97.154810
76058
32.470332
-97.424179
76059
32.392588
-97.327540
76060
32.639649
-97.217476
76061
32.503988
-97.188389
76063
32.570740
-97.144837
76064
32.302367
-97.037219
76065
32.469436
-96.990670
76066
32.704456
-97.993148
76067
32.799741
-98.126932
76070
32.266142
-97.655142
76071
33.000870
-97.444484
76073
33.098856
-97.723546
76077
32.278261
-97.691539
76078
33.093365
-97.462793
76082
32.970044
-97.733748
76084
32.426322
-97.090328
76085
32.861116
-97.692165
76086
32.754964
-97.791085
76087
32.682606
-97.782556
76088
32.850685
-97.902855
76092
32.959873
-97.148433
76093
32.210496
-97.392571
76102
32.759104
-97.329756
76103
32.748947
-97.272638
76104
32.728689
-97.317810
76105
32.724047
-97.269432
76106
32.816638
-97.359605
76107
32.742058
-97.381730
76108
32.787929
-97.523308
76109
32.700650
-97.386965
76110
32.707831
-97.338265
76111
32.778499
-97.300112
76112
32.747426
-97.217658
76114
32.774494
-97.402276
76115
32.678500
-97.330511
76116
32.720723
-97.447033
76117
32.803436
-97.267376
76118
32.800434
-97.192762
76119
32.691147
-97.262625
76120
32.775915
-97.180963
76123
32.619344
-97.393958
76126
32.635919
-97.511626
76127
32.775683
-97.435321
76129
32.708639
-97.363495
76131
32.881807
-97.345956
76132
32.668193
-97.415905
76133
32.652918
-97.379538
76134
32.638585
-97.334039
76135
32.836325
-97.469908
76137
32.859685
-97.291523
76140
32.619935
-97.278061
76148
32.868421
-97.252132
76155
32.823993
-97.048687
76164
32.781100
-97.354585
76177
32.975361
-97.310486
76179
32.909919
-97.434281
76180
32.840011
-97.225295
76182
32.886201
-97.207731
76201
33.220974
-97.146038
76205
33.192632
-97.129266
76207
33.227850
-97.181823
76208
33.208630
-97.055409
76209
33.231552
-97.109871
76210
33.149467
-97.096016
76225
33.374041
-97.667809
76226
33.114714
-97.173909
76227
33.273603
-96.990042
76228
33.617910
-98.062664
76230
33.520572
-97.956120
76233
33.537706
-96.906575
76234
33.276319
-97.514178
76238
33.479016
-97.351845
76239
33.503014
-97.529509
76240
33.661602
-97.176369
76244
32.927988
-97.283692
76245
33.830932
-96.839764
76247
33.099993
-97.340499
76248
32.924005
-97.225146
76249
33.278823
-97.302310
76250
33.630166
-97.235760
76251
33.631922
-97.688998
76252
33.682081
-97.382855
76253
33.615855
-97.310834
76255
33.824710
-97.739095
76258
33.371094
-96.932335
76259
33.198704
-97.311628
76261
33.793074
-97.963802
76262
33.009335
-97.226720
76263
33.462023
-97.457438
76264
33.737974
-96.839543
76265
33.756680
-97.538121
76266
33.372828
-97.213259
76268
33.627623
-96.767396
76270
33.455656
-97.752881
76271
33.464625
-96.892739
76272
33.455973
-97.127134
76273
33.743893
-96.936121
76301
33.905613
-98.479940
76302
33.864598
-98.491110
76305
34.006193
-98.387687
76306
33.944942
-98.523592
76308
33.852942
-98.540730
76309
33.894923
-98.543742
76310
33.799085
-98.509840
76311
33.969544
-98.509023
76351
33.558025
-98.695427
76354
34.103277
-98.622462
76357
34.082363
-98.184965
76360
33.963477
-98.961142
76363
33.475952
-99.551825
76364
34.032012
-98.995325
76365
33.758490
-98.202251
76366
33.723849
-98.783672
76367
33.973200
-98.720985
76370
33.527396
-98.884782
76371
33.484962
-99.642707
76372
33.250203
-98.925556
76373
34.131724
-99.106566
76374
33.358656
-98.740056
76377
34.008318
-98.258589
76379
33.668239
-98.489118
76380
33.621035
-99.243769
76384
34.160505
-99.343140
76388
33.322836
-99.642126
76389
33.513003
-98.457295
76401
32.282237
-98.196721
76402
32.216326
-98.217165
76424
32.801213
-98.886980
76426
33.166041
-97.845101
76427
33.158189
-98.377664
76429
32.759373
-98.666449
76430
32.790132
-99.241839
76431
33.318616
-97.856392
76432
31.842565
-98.805134
76433
32.315739
-98.022849
76435
32.242637
-98.857140
76436
31.863019
-98.228100
76437
32.403542
-99.038804
76442
31.890896
-98.613096
76443
32.133830
-99.213349
76444
32.123666
-98.577422
76445
32.302818
-98.552383
76446
32.074580
-98.349791
76448
32.398455
-98.797824
76449
32.901592
-98.315542
76450
33.057759
-98.622222
76452
31.747542
-98.364392
76453
32.584194
-98.335694
76454
32.211850
-98.735794
76455
31.813332
-98.384478
76457
31.944662
-98.027972
76458
33.219589
-98.188154
76459
33.276351
-98.382351
76460
33.306476
-98.500269
76462
32.527015
-98.008849
76463
32.455408
-98.418168
76464
32.556004
-99.164736
76466
32.433309
-98.737420
76469
32.340927
-99.198503
76470
32.495875
-98.664020
76471
32.116953
-98.985140
76472
32.600503
-98.172760
76474
31.976523
-98.793857
76475
32.673266
-98.485899
76476
32.362649
-97.924354
76481
32.990420
-98.745490
76483
33.195202
-99.268024
76484
32.764096
-98.276879
76486
33.014639
-98.053190
76487
32.972482
-97.904879
76490
32.945471
-98.018901
76491
33.036872
-99.048807
76501
31.075303
-97.252433
76502
31.104022
-97.412045
76504
31.137886
-97.373653
76508
31.077568
-97.364064
76511
30.802086
-97.424363
76513
31.051469
-97.500003
76518
30.852653
-97.148898
76519
31.030335
-97.192490
76520
30.891129
-96.907601
76522
31.219045
-97.968224
76523
30.789254
-97.291628
76524
31.268644
-97.202495
76525
31.499723
-98.130640
76527
30.841795
-97.809699
76528
31.417316
-97.755931
76530
30.710857
-97.413885
76531
31.686812
-98.187030
76534
30.884371
-97.378453
76537
30.817401
-97.602900
76538
31.628871
-97.922097
76539
31.095582
-98.027458
76541
31.112884
-97.729602
76542
31.010373
-97.741513
76543
31.149188
-97.633113
76544
31.143642
-97.761047
76548
31.050856
-97.644625
76549
31.017077
-97.833092
76550
31.102435
-98.259438
76554
30.967883
-97.376957
76556
30.700413
-96.830663
76557
31.285086
-97.390061
76559
31.075955
-97.604369
76561
31.409504
-97.531155
76565
31.643709
-98.351000
76566
31.557261
-98.088697
76567
30.649554
-97.006117
76569
30.940186
-97.226979
76570
31.082267
-96.953514
76571
30.925739
-97.598650
76573
30.818633
-97.502485
76574
30.579327
-97.388622
76577
30.627232
-97.170250
76578
30.535409
-97.237170
76579
31.195905
-97.265253
76596
31.476843
-97.728445
76597
31.486427
-97.706842
76598
31.475320
-97.735455
76599
31.467872
-97.735181
76621
31.881728
-97.085410
76622
31.816191
-97.243292
76623
32.211123
-96.752827
76624
31.661047
-96.955129
76626
32.122997
-96.723082
76627
32.108512
-97.395815
76628
32.030464
-96.948850
76629
31.149750
-96.651785
76630
31.340795
-97.211010
76631
31.975524
-96.977168
76632
31.306530
-97.065653
76633
31.695095
-97.328822
76634
31.817062
-97.546568
76635
31.716290
-96.661428
76636
32.170752
-97.291476
76637
31.769065
-97.804444
76638
31.549983
-97.442651
76639
31.866953
-96.655804
76640
31.696619
-97.073707
76641
32.038687
-96.807932
76642
31.503056
-96.520013
76643
31.453501
-97.195339
76645
32.022463
-97.133360
76648
31.848600
-96.807359
76649
32.001589
-97.882698
76650
31.980079
-96.863626
76651
32.177710
-96.851184
76652
32.117538
-97.575601
76653
31.299588
-96.608952
76654
31.733766
-97.009725
76655
31.401145
-97.183101
76656
31.185096
-97.043667
76657
31.446184
-97.380488
76660
31.924604
-96.904503
76661
31.318386
-96.846019
76664
31.560686
-96.802657
76665
31.916215
-97.710123
76666
32.043976
-96.914580
76667
31.651982
-96.468387
76670
32.136018
-96.988963
76671
31.988449
-97.531227
76673
31.751025
-96.891756
76676
31.863748
-96.951488
76678
31.661096
-96.760043
76679
31.927546
-96.579359
76680
31.202131
-96.814363
76681
31.893446
-96.433731
76682
31.453450
-96.913489
76685
31.353546
-97.013740
76686
31.767574
-96.559327
76687
31.372916
-96.495028
76689
31.662159
-97.506079
76690
32.083642
-97.736491
76691
31.769854
-97.098169
76692
31.959701
-97.330421
76693
31.787657
-96.395087
76701
31.552011
-97.138200
76704
31.574722
-97.127134
76705
31.620914
-97.098526
76706
31.475671
-97.083854
76707
31.553876
-97.159082
76708
31.627123
-97.215893
76710
31.539723
-97.195009
76711
31.513756
-97.152983
76712
31.526544
-97.261231
76798
31.548378
-97.119061
76801
31.748303
-99.032891
76802
31.743506
-98.911446
76820
30.766987
-99.050013
76821
31.738576
-99.934162
76823
31.706204
-99.151374
76824
30.928010
-98.488904
76825
31.106301
-99.394237
76827
31.517913
-99.135467
76828
32.006167
-99.292204
76831
30.670440
-98.919443
76832
30.985763
-98.735550
76834
31.881956
-99.480043
76836
31.443363
-99.549127
76837
31.222792
-99.896165
76841
30.915116
-100.108691
76842
30.939820
-99.079893
76844
31.432854
-98.523070
76845
31.538066
-99.488185
76848
30.843122
-99.570053
76849
30.472352
-99.821506
76852
31.357660
-99.457261
76853
31.267613
-98.371832
76854
30.694786
-99.581344
76856
30.691484
-99.273312
76857
31.931233
-98.927404
76858
31.176951
-99.616412
76859
30.885268
-99.858861
76861
31.592014
-100.192581
76862
31.411505
-99.682323
76864
31.553975
-98.731107
76865
31.858516
-100.165338
76866
31.460967
-99.933766
76869
30.911096
-98.994617
76870
31.627357
-98.546717
76871
31.289123
-98.995473
76872
31.331919
-99.165902
76873
31.515316
-99.380601
76874
30.458670
-100.069150
76875
31.602931
-99.999545
76877
31.157059
-98.764007
76878
31.657754
-99.292932
76882
31.816904
-99.702274
76884
31.736902
-99.567791
76885
30.858957
-98.861313
76887
31.011897
-99.159484
76888
31.609899
-99.640490
76890
31.686677
-98.776277
76901
31.501780
-100.974315
76903
31.484819
-100.437870
76904
31.271515
-100.400625
76905
31.509724
-100.322077
76908
31.432075
-100.402186
76930
31.272555
-101.172785
76932
31.268726
-101.542078
76933
31.856368
-100.288351
76934
31.603061
-100.668986
76935
31.083442
-100.423683
76936
30.883194
-100.595683
76937
31.388546
-100.151449
76939
31.268843
-100.563525
76940
31.439035
-100.142932
76941
31.272382
-100.889468
76943
30.534314
-101.306407
76945
31.884956
-100.610710
76949
32.041140
-100.694580
76950
30.441414
-100.560620
76951
31.802748
-101.055625
76953
31.723763
-100.331847
76955
31.289523
-100.152670
76957
31.372148
-100.305160
76958
31.595106
-100.799358
77002
29.756845
-95.365652
77003
29.749778
-95.345885
77004
29.724893
-95.363752
77005
29.718435
-95.423555
77006
29.740970
-95.391301
77007
29.771545
-95.411083
77008
29.798249
-95.416933
77009
29.795344
-95.367590
77010
29.753624
-95.359810
77011
29.743217
-95.309110
77012
29.718525
-95.274137
77013
29.795268
-95.233977
77014
29.981204
-95.470769
77015
29.763930
-95.173121
77016
29.862532
-95.299980
77017
29.689824
-95.252393
77018
29.826448
-95.426267
77019
29.754150
-95.409498
77020
29.773179
-95.314327
77021
29.698430
-95.356900
77022
29.831590
-95.379554
77023
29.721825
-95.318275
77024
29.772179
-95.514203
77025
29.685706
-95.434764
77026
29.800187
-95.328888
77027
29.740079
-95.446409
77028
29.827869
-95.287485
77029
29.759665
-95.256251
77030
29.706787
-95.401748
77031
29.652205
-95.546230
77032
29.985395
-95.346211
77033
29.666880
-95.335133
77034
29.618349
-95.192034
77035
29.655503
-95.471663
77036
29.701847
-95.534537
77037
29.890360
-95.392527
77038
29.918595
-95.441194
77039
29.911171
-95.341182
77040
29.874575
-95.527099
77041
29.858600
-95.580768
77042
29.740605
-95.560257
77043
29.810930
-95.584639
77044
29.906313
-95.180567
77045
29.647339
-95.431435
77046
29.733777
-95.433346
77047
29.610650
-95.386863
77048
29.618714
-95.324221
77049
29.832928
-95.149040
77050
29.902887
-95.269296
77051
29.656113
-95.378696
77053
29.583542
-95.460693
77054
29.680250
-95.404913
77055
29.796871
-95.491650
77056
29.748202
-95.468948
77057
29.744081
-95.487974
77058
29.561579
-95.099626
77059
29.613400
-95.118963
77060
29.935512
-95.397624
77061
29.647001
-95.276680
77062
29.573552
-95.130613
77063
29.736298
-95.523277
77064
29.917097
-95.537531
77065
29.926470
-95.603801
77066
29.957224
-95.503319
77067
29.952629
-95.446609
77068
30.007063
-95.488362
77069
29.988455
-95.531200
77070
29.979455
-95.573317
77071
29.651728
-95.519919
77072
29.699688
-95.584817
77073
30.000147
-95.400069
77074
29.687947
-95.515725
77075
29.620420
-95.268939
77076
29.860021
-95.382184
77077
29.751438
-95.615792
77078
29.852397
-95.254100
77079
29.776093
-95.603037
77080
29.815894
-95.522885
77081
29.712099
-95.480935
77082
29.724490
-95.640002
77083
29.694401
-95.649565
77084
29.827486
-95.659920
77085
29.620509
-95.485333
77086
29.919035
-95.491606
77087
29.686519
-95.303917
77088
29.881487
-95.452619
77089
29.586959
-95.225601
77090
30.008339
-95.438916
77091
29.853067
-95.435966
77092
29.830024
-95.474409
77093
29.863156
-95.341927
77094
29.769218
-95.681281
77095
29.909513
-95.651476
77096
29.675339
-95.479372
77098
29.734813
-95.416098
77099
29.670869
-95.585990
77201
29.766003
-95.364364
77301
30.310932
-95.438548
77302
30.222077
-95.338869
77303
30.377952
-95.377140
77304
30.327760
-95.516045
77306
30.285840
-95.312397
77316
30.306163
-95.686390
77318
30.438807
-95.533229
77320
30.804668
-95.550872
77326
30.504882
-94.817018
77327
30.318169
-94.915716
77328
30.392374
-95.191181
77331
30.633963
-95.161912
77334
30.781834
-95.373441
77335
30.574473
-94.911179
77336
30.063104
-95.098848
77338
30.009249
-95.286217
77339
30.048963
-95.222153
77340
30.640262
-95.538397
77342
30.740381
-95.555832
77345
30.053105
-95.157943
77346
29.994499
-95.177499
77350
30.824427
-94.833454
77351
30.717792
-94.817231
77354
30.216858
-95.647214
77355
30.156257
-95.749260
77356
30.465662
-95.729888
77357
30.159433
-95.188163
77358
30.558321
-95.436252
77359
30.751892
-95.301591
77360
30.846249
-95.117513
77362
30.160534
-95.669154
77363
30.316181
-95.850151
77364
30.772997
-95.214951
77365
30.110343
-95.268693
77367
30.857073
-95.397796
77368
30.444755
-94.815611
77369
30.421815
-94.735330
77371
30.483628
-94.992832
77372
30.241145
-95.160299
77373
30.062169
-95.383966
77374
30.396003
-94.623750
77375
30.094886
-95.585830
77376
30.443771
-94.663769
77377
30.061727
-95.681504
77378
30.471370
-95.363867
77379
30.040467
-95.529001
77380
30.136972
-95.468360
77381
30.178248
-95.500960
77382
30.194978
-95.547690
77384
30.233846
-95.495770
77385
30.185206
-95.429094
77386
30.100262
-95.356488
77388
30.057832
-95.471001
77389
30.123469
-95.517064
77396
29.945546
-95.259401
77401
29.705132
-95.460959
77406
29.646090
-95.794526
77407
29.670004
-95.708089
77412
29.553502
-96.411936
77414
28.908185
-95.868152
77415
28.933093
-95.734948
77417
29.464406
-95.966234
77418
29.987117
-96.252942
77419
28.849575
-96.256767
77420
29.258985
-95.930309
77422
28.960348
-95.557701
77423
29.856772
-95.977313
77426
30.122300
-96.258442
77428
28.623423
-96.189925
77429
29.997403
-95.668682
77430
29.259878
-95.667662
77432
29.067417
-96.188569
77433
29.940612
-95.737997
77434
29.527956
-96.305186
77435
29.515694
-96.121026
77436
29.419067
-96.238492
77437
29.212328
-96.280585
77440
28.894603
-96.147777
77441
29.666682
-95.919826
77442
29.422281
-96.506236
77443
29.349096
-96.191821
77444
29.286377
-95.777811
77445
30.101838
-96.059373
77446
30.086821
-95.990479
77447
30.047619
-95.833733
77448
29.416447
-96.085418
77449
29.837611
-95.733740
77450
29.745245
-95.741778
77451
29.435055
-96.004540
77453
29.213766
-95.999923
77454
29.520234
-96.198122
77455
29.132072
-96.428441
77456
29.040169
-96.172351
77457
28.758934
-95.904004
77458
28.951217
-96.237096
77459
29.529150
-95.523405
77460
29.397434
-96.384512
77461
29.383068
-95.806472
77464
29.592427
-95.955279
77465
28.763429
-96.230457
77466
29.792687
-96.012215
77467
29.201173
-96.101539
77468
29.132669
-95.941090
77469
29.482678
-95.680186
77470
29.537157
-96.546208
77471
29.548520
-95.862040
77473
29.795148
-96.107713
77474
29.780081
-96.181164
77475
29.488642
-96.652501
77476
29.692077
-95.951144
77477
29.624274
-95.568008
77478
29.620312
-95.605693
77479
29.566996
-95.636016
77480
29.086348
-95.766753
77481
29.473418
-95.558148
77482
29.092714
-95.903493
77483
28.788475
-95.839228
77484
30.079431
-95.932255
77485
29.632734
-96.055105
77486
29.160441
-95.691989
77488
29.307215
-96.091291
77489
29.600498
-95.515537
77493
29.853215
-95.831456
77494
29.743948
-95.830502
77498
29.643550
-95.653270
77502
29.679517
-95.199782
77503
29.703477
-95.158895
77504
29.647916
-95.189780
77505
29.645646
-95.140307
77506
29.713919
-95.199702
77507
29.624557
-95.063491
77510
29.362409
-95.087396
77511
29.380858
-95.241857
77514
29.703595
-94.600429
77515
29.173438
-95.451542
77517
29.364468
-95.131078
77518
29.507162
-94.987247
77519
30.218323
-94.575058
77520
29.733275
-94.994118
77521
29.801948
-94.971708
77523
29.789523
-94.859125
77530
29.785907
-95.117207
77531
29.046571
-95.391089
77532
29.932894
-95.057219
77533
30.087172
-94.599557
77534
29.231528
-95.314319
77535
30.054984
-94.923013
77536
29.698461
-95.121268
77538
29.975277
-94.523235
77539
29.452190
-95.028470
77541
29.015519
-95.282536
77545
29.537301
-95.474615
77546
29.515074
-95.192133
77547
29.735876
-95.238178
77550
29.310535
-94.775768
77551
29.278188
-94.833290
77554
29.253166
-94.924652
77560
29.870622
-94.602137
77561
30.166506
-94.735446
77562
29.834034
-95.051268
77563
29.303625
-95.032386
77564
30.180866
-94.664855
77565
29.535935
-95.026393
77566
29.052739
-95.474351
77568
29.363162
-94.980107
77571
29.688455
-95.057380
77573
29.503785
-95.087300
77575
30.075658
-94.733441
77577
29.284476
-95.281590
77578
29.484674
-95.360602
77580
29.874143
-94.856891
77581
29.561597
-95.279759
77583
29.380856
-95.468782
77584
29.545041
-95.350692
77585
30.295238
-94.524753
77586
29.583817
-95.036156
77587
29.661991
-95.229642
77590
29.391397
-94.920149
77591
29.399363
-94.999115
77597
29.836205
-94.702009
77598
29.539422
-95.134995
77611
30.014439
-93.828243
77612
30.397709
-93.923704
77613
30.052046
-94.360766
77614
30.299774
-93.772977
77615
30.326641
-94.052041
77616
30.569783
-94.182466
77617
29.507197
-94.518563
77619
29.947516
-93.918571
77622
29.862143
-94.288429
77623
29.561256
-94.414021
77624
30.684267
-94.291914
77625
30.377327
-94.374331
77627
29.986791
-94.009416
77629
29.979840
-94.403073
77630
30.067095
-93.868471
77632
30.201515
-93.804648
77640
29.881613
-93.940858
77642
29.958020
-93.891921
77650
29.426496
-94.685696
77651
29.985971
-93.955847
77655
29.710502
-93.937850
77656
30.414774
-94.173656
77657
30.227858
-94.197054
77659
30.171444
-94.432275
77660
30.649823
-94.140750
77661
29.751627
-94.420716
77662
30.177924
-94.018171
77663
30.513226
-94.394328
77664
30.601435
-94.413805
77665
29.812999
-94.416117
77701
30.073053
-94.105486
77702
30.086269
-94.128303
77703
30.145982
-94.126674
77705
29.898029
-94.161175
77706
30.102243
-94.173445
77707
30.053142
-94.166056
77708
30.146124
-94.160613
77713
30.071005
-94.252135
77801
30.639285
-96.362454
77802
30.661249
-96.322614
77803
30.680975
-96.386145
77807
30.677687
-96.483601
77808
30.797736
-96.312084
77830
30.530294
-96.013037
77831
30.726709
-95.903880
77833
30.215075
-96.410272
77835
30.193586
-96.588051
77836
30.541565
-96.676232
77837
31.003109
-96.688981
77840
30.609071
-96.325999
77845
30.562014
-96.273900
77853
30.354823
-96.840158
77855
31.133325
-96.136815
77856
31.075823
-96.425784
77857
30.785247
-96.706056
77859
30.871914
-96.526934
77861
30.721716
-96.109298
77864
30.953672
-95.905344
77865
31.235882
-96.229280
77867
30.743004
-96.548436
77868
30.365776
-96.046420
77871
31.063160
-96.127222
77872
30.879380
-96.138959
77873
30.564947
-95.800223
77876
30.600186
-95.875351
77878
30.471289
-96.438138
77879
30.398612
-96.497852
77880
30.286936
-96.189365
77901
28.804950
-96.984713
77904
28.938252
-97.020350
77905
28.735496
-97.043380
77950
28.291992
-96.898424
77951
28.634388
-96.901049
77954
29.097035
-97.282413
77957
29.042415
-96.689715
77960
28.676730
-97.198682
77961
28.857880
-96.353868
77962
29.020933
-96.489810
77963
28.652457
-97.405775
77964
29.378848
-96.834606
77968
28.905028
-96.829368
77969
28.775164
-96.658931
77970
28.846341
-96.434149
77971
28.833262
-96.521612
77973
28.543661
-96.971090
77974
28.896922
-97.321741
77975
29.559671
-97.081874
77976
28.954115
-97.122655
77977
28.695562
-96.794157
77978
28.667111
-96.570992
77979
28.609718
-96.609368
77982
28.444644
-96.491788
77983
28.441719
-96.579574
77984
29.453329
-97.191865
77987
29.342572
-97.075651
77988
28.839050
-96.889623
77990
28.484888
-96.924886
77991
28.798662
-96.614555
77993
28.857734
-97.428562
77994
29.178194
-97.471550
77995
29.202324
-97.076306
78001
28.291719
-99.213215
78002
29.283750
-98.737693
78003
29.707222
-99.095171
78004
29.903262
-98.556446
78005
28.941736
-98.851298
78006
29.858550
-98.703353
78007
28.498001
-98.368765
78008
28.703692
-98.263517
78009
29.357251
-98.886655
78010
29.890633
-99.046810
78011
28.790915
-98.717634
78012
28.764536
-98.485960
78013
29.972311
-98.904698
78014
28.371399
-99.135335
78015
29.742911
-98.651442
78016
29.171580
-98.967448
78017
28.711947
-99.177422
78019
28.040092
-99.402695
78021
28.496731
-98.827726
78022
28.257475
-98.143051
78023
29.578276
-98.748425
78024
30.032093
-99.531230
78025
30.080800
-99.282359
78026
28.821017
-98.610076
78027
29.969074
-98.539209
78028
30.036561
-99.163074
78029
30.159136
-99.345011
78039
29.312150
-98.834792
78040
27.513375
-99.502140
78041
27.545395
-99.462018
78043
27.554788
-99.265533
78044
27.751747
-99.126085
78045
27.833815
-99.681424
78046
27.373711
-99.346699
78050
29.070547
-98.481810
78052
29.203679
-98.776694
78055
29.830348
-99.331352
78056
29.537033
-98.933944
78057
29.037278
-99.001103
78058
30.095115
-99.628211
78059
29.199649
-98.840916
78060
28.446801
-98.107053
78061
28.888446
-99.141465
78063
29.689692
-98.911216
78064
28.935779
-98.428996
78065
29.079849
-98.642309
78066
29.429850
-98.936135
78067
27.128042
-99.331147
78069
29.179375
-98.670026
78070
29.897838
-98.403110
78071
28.470281
-98.226391
78072
28.310347
-98.573186
78073
29.243915
-98.622442
78075
28.626039
-98.377249
78076
26.930929
-99.162765
78101
29.353553
-98.238308
78102
28.407712
-97.710620
78104
28.522541
-97.761958
78107
28.568278
-97.579237
78108
29.570146
-98.217795
78109
29.487745
-98.290947
78112
29.186904
-98.392789
78113
28.843825
-98.367493
78114
29.114718
-98.208661
78116
29.102255
-97.743964
78117
28.938338
-97.923572
78118
28.739063
-98.171850
78119
28.733411
-97.894958
78121
29.350393
-98.107030
78122
29.428917
-97.735834
78123
29.600453
-98.047576
78124
29.557271
-98.146892
78125
28.540900
-97.957001
78130
29.693556
-98.072850
78132
29.758817
-98.191068
78133
29.889085
-98.244624
78140
29.333756
-97.765502
78141
28.914138
-97.632623
78142
28.536632
-97.810515
78143
29.258710
-97.851241
78144
28.951209
-97.892578
78145
28.645184
-97.994125
78146
28.603142
-97.838545
78147
29.073446
-98.080406
78148
29.543813
-98.295356
78150
29.525969
-98.277499
78151
28.864482
-97.705273
78152
29.436590
-98.205116
78154
29.547163
-98.262605
78155
29.542968
-97.937698
78159
29.231774
-97.590672
78160
29.252842
-97.927233
78161
29.293483
-98.056995
78162
28.589961
-97.773497
78163
29.769466
-98.453225
78164
28.982560
-97.520734
78201
29.468413
-98.528889
78202
29.428169
-98.460881
78203
29.415100
-98.459123
78204
29.404404
-98.505028
78205
29.423945
-98.486420
78207
29.422124
-98.525978
78208
29.439819
-98.458549
78209
29.488906
-98.456235
78210
29.395776
-98.464401
78211
29.342550
-98.570024
78212
29.464611
-98.493653
78213
29.516395
-98.523017
78214
29.324786
-98.470039
78215
29.441258
-98.480498
78216
29.537264
-98.487882
78217
29.538074
-98.415198
78218
29.490048
-98.397135
78219
29.446686
-98.387465
78220
29.418151
-98.394314
78221
29.298640
-98.483115
78222
29.354940
-98.371889
78223
29.311940
-98.391006
78224
29.299225
-98.535354
78225
29.387990
-98.526028
78226
29.383778
-98.569940
78227
29.406624
-98.630303
78228
29.460646
-98.571279
78229
29.501861
-98.569302
78230
29.546515
-98.557207
78231
29.578541
-98.541904
78232
29.588638
-98.474585
78233
29.555818
-98.361905
78234
29.460896
-98.438340
78235
29.345382
-98.443402
78236
29.391283
-98.618734
78237
29.421133
-98.570938
78238
29.471773
-98.617679
78239
29.518637
-98.362961
78240
29.525020
-98.606564
78242
29.350400
-98.607054
78243
29.370898
-98.592947
78244
29.474147
-98.348083
78245
29.400090
-98.730555
78247
29.585862
-98.406811
78248
29.590028
-98.525262
78249
29.566765
-98.615801
78250
29.502729
-98.664897
78251
29.461683
-98.676727
78252
29.341337
-98.705628
78253
29.469011
-98.797801
78254
29.544676
-98.728738
78255
29.649165
-98.666344
78256
29.622289
-98.626164
78257
29.660485
-98.583454
78258
29.634097
-98.497426
78259
29.624521
-98.426970
78260
29.697453
-98.486728
78261
29.689580
-98.402411
78263
29.363661
-98.304351
78264
29.193200
-98.490789
78266
29.650529
-98.338420
78330
27.742714
-97.915595
78332
27.724313
-98.134487
78335
27.873028
-97.092196
78336
27.926913
-97.177776
78338
26.911014
-97.773774
78339
27.805059
-97.792233
78340
28.120700
-97.196890
78341
27.634419
-98.496692
78342
27.659920
-98.075720
78343
27.622119
-97.751430
78344
27.479974
-98.864730
78349
27.373485
-98.285472
78351
27.673154
-97.759701
78352
27.962924
-97.679027
78353
26.880517
-98.216213
78355
27.194074
-98.207295
78357
27.836017
-98.628776
78358
28.067949
-97.042232
78359
27.923541
-97.287072
78361
27.053231
-98.747571
78362
27.850165
-97.203266
78363
27.444204
-97.865597
78368
28.103445
-97.808184
78369
27.365130
-98.996708
78370
27.948147
-97.598699
78371
27.615256
-98.946373
78372
27.987983
-98.066980
78373
27.777437
-97.114983
78374
27.892132
-97.384238
78375
27.396310
-98.171285
78376
27.421353
-98.514272
78377
28.322116
-97.162472
78379
27.306614
-97.780427
78380
27.791253
-97.742139
78382
28.132626
-97.062068
78383
28.088160
-97.956246
78384
27.849558
-98.385775
78385
27.139396
-97.901370
78387
28.121595
-97.553008
78389
28.246302
-97.650811
78390
27.997261
-97.327442
78391
28.179576
-97.708393
78393
28.187118
-97.382226
78401
27.797802
-97.399067
78402
27.819419
-97.392456
78404
27.768022
-97.399136
78405
27.774249
-97.438774
78406
27.771238
-97.518793
78407
27.810698
-97.440395
78408
27.794998
-97.446858
78409
27.809430
-97.522857
78410
27.838247
-97.596306
78411
27.729894
-97.385247
78412
27.703573
-97.345045
78413
27.683192
-97.406176
78414
27.662583
-97.371384
78415
27.657870
-97.479816
78416
27.752024
-97.436507
78417
27.739629
-97.466806
78418
27.627121
-97.269242
78419
27.695153
-97.269462
78501
26.215816
-98.239592
78503
26.162332
-98.248702
78504
26.271965
-98.236570
78516
26.144539
-98.121312
78520
25.963264
-97.550453
78521
25.943923
-97.317944
78526
25.995689
-97.450848
78535
26.252832
-97.743596
78536
26.649282
-98.451125
78537
26.161900
-98.058657
78538
26.374541
-97.980280
78539
26.280689
-98.183295
78541
26.452135
-98.276811
78542
26.451477
-98.092002
78543
26.297375
-97.999973
78545
26.587174
-99.119871
78548
26.274827
-98.654824
78549
26.457143
-98.035415
78550
26.255523
-97.667502
78552
26.193782
-97.750690
78557
26.113415
-98.241154
78558
26.307831
-98.039361
78559
26.148831
-97.831112
78560
26.242809
-98.494490
78561
26.477435
-97.921496
78562
26.297669
-97.902485
78563
26.654454
-98.259766
78564
26.678196
-99.103088
78565
26.253727
-98.567191
78566
26.148406
-97.370376
78567
26.052713
-97.740451
78569
26.368213
-97.743569
78570
26.174608
-97.912659
78572
26.229223
-98.375450
78573
26.296191
-98.299959
78574
26.318906
-98.370049
78575
26.021916
-97.526273
78576
26.321607
-98.476164
78577
26.151530
-98.189752
78578
26.051625
-97.312767
78579
26.083167
-97.962140
78580
26.487740
-97.738953
78582
26.530903
-98.740235
78583
26.261363
-97.489015
78584
26.573310
-98.962760
78585
26.523344
-99.111146
78586
26.106086
-97.629292
78588
26.737863
-98.397207
78589
26.167843
-98.154834
78590
26.508366
-97.647775
78591
26.582929
-98.521632
78592
26.062006
-97.846971
78593
26.275747
-97.823524
78594
26.345257
-97.794892
78595
26.291408
-98.545486
78596
26.158622
-97.989155
78597
26.235000
-97.271778
78598
26.569407
-97.442394
78602
30.123820
-97.327710
78605
30.773295
-98.045180
78606
30.083786
-98.476159
78607
30.821753
-98.477388
78608
30.936006
-97.934579
78609
30.759723
-98.438345
78610
30.078514
-97.838012
78611
30.801041
-98.283490
78612
30.094071
-97.495094
78613
30.503910
-97.824180
78614
29.410410
-97.587174
78615
30.465459
-97.384112
78616
29.940066
-97.568294
78617
30.148558
-97.593010
78618
30.465163
-99.156225
78619
30.112211
-98.033264
78620
30.224257
-98.134897
78621
30.338855
-97.361789
78622
29.754521
-97.775837
78623
29.971139
-98.228231
78624
30.280938
-98.876683
78626
30.657895
-97.617843
78628
30.664543
-97.778616
78629
29.476842
-97.448940
78631
30.339770
-99.306580
78632
29.696110
-97.470663
78633
30.742622
-97.749701
78634
30.560604
-97.546260
78635
30.183123
-98.566710
78636
30.316898
-98.424992
78638
29.659588
-97.785196
78639
30.672818
-98.442748
78640
29.999110
-97.828217
78641
30.562557
-97.907846
78642
30.690880
-97.941426
78643
30.688543
-98.689889
78644
29.871644
-97.676821
78645
30.449996
-97.971806
78648
29.690184
-97.633555
78650
30.303885
-97.218899
78652
30.132819
-97.874691
78653
30.339717
-97.523482
78654
30.581216
-98.208732
78655
29.816062
-97.835053
78656
29.904511
-97.807308
78657
30.531427
-98.378052
78659
30.207417
-97.125389
78660
30.439630
-97.594687
78661
29.721948
-97.758944
78662
29.925577
-97.425990
78663
30.402261
-98.359569
78664
30.505414
-97.647284
78665
30.543255
-97.645202
78666
29.880162
-97.966164
78669
30.430720
-98.112778
78670
29.774935
-97.817831
78671
30.218956
-98.629901
78672
30.858836
-98.469511
78675
30.434638
-98.707142
78676
30.034449
-98.142776
78677
29.349952
-97.580206
78681
30.534424
-97.725741
78701
30.270569
-97.742589
78702
30.263378
-97.714483
78703
30.293268
-97.766050
78704
30.243032
-97.765081
78705
30.294331
-97.738516
78712
30.282173
-97.731003
78717
30.488230
-97.752203
78719
30.197290
-97.667423
78721
30.269969
-97.683557
78722
30.289958
-97.714700
78723
30.304269
-97.685713
78724
30.292696
-97.617942
78725
30.230011
-97.608576
78726
30.429504
-97.842067
78727
30.429937
-97.717796
78728
30.454170
-97.692183
78729
30.458396
-97.755344
78730
30.370285
-97.836153
78731
30.348244
-97.768139
78732
30.377890
-97.895024
78733
30.321401
-97.884739
78734
30.378546
-97.950628
78735
30.269121
-97.868816
78736
30.261085
-97.959435
78737
30.190246
-97.956906
78738
30.320039
-97.958301
78739
30.178468
-97.888691
78741
30.230459
-97.714198
78742
30.242354
-97.659200
78744
30.176810
-97.725860
78745
30.206851
-97.797381
78746
30.296865
-97.809578
78747
30.126966
-97.739969
78748
30.166435
-97.823390
78749
30.216178
-97.855848
78750
30.418782
-97.802266
78751
30.310788
-97.722749
78752
30.331812
-97.704288
78753
30.382018
-97.673641
78754
30.355429
-97.645350
78756
30.322223
-97.740169
78757
30.351537
-97.732570
78758
30.387987
-97.706848
78759
30.402667
-97.761037
78801
29.362904
-99.898132
78802
29.330444
-99.624813
78827
28.421951
-99.733002
78828
29.867563
-100.018530
78829
28.888748
-99.562652
78830
28.524903
-99.508480
78832
29.395621
-100.439985
78833
29.674700
-100.078588
78834
28.454034
-99.917847
78836
28.301642
-99.704277
78837
29.837220
-101.212436
78838
29.536636
-99.746893
78839
28.718319
-99.823476
78840
29.729903
-100.881337
78843
29.358463
-100.776883
78850
29.285285
-99.329182
78851
30.028067
-101.970461
78852
28.729787
-100.316678
78860
28.478614
-100.278411
78861
29.430007
-99.149034
78870
29.303817
-99.630829
78871
30.006991
-101.654794
78872
28.926452
-99.865146
78873
29.815376
-99.727302
78877
28.951173
-100.593386
78879
29.644470
-99.682471
78880
29.989030
-100.285177
78881
29.383670
-99.529697
78883
29.678299
-99.316603
78884
29.605008
-99.459791
78885
29.809429
-99.540242
78886
29.135837
-99.168888
78931
30.024253
-96.451051
78932
30.164115
-96.718195
78933
29.790645
-96.359065
78934
29.693467
-96.557698
78935
29.695493
-96.424208
78938
29.804778
-96.685899
78940
29.940125
-96.658827
78941
29.727617
-97.158450
78942
30.167624
-96.923038
78943
29.708998
-96.615598
78944
30.009133
-96.524033
78945
29.912267
-96.889573
78946
30.188370
-96.779058
78947
30.420154
-97.035831
78948
30.321091
-96.976326
78949
29.833195
-97.087399
78950
29.904948
-96.482617
78951
29.587283
-96.824373
78953
29.844028
-97.358297
78954
30.043016
-96.699188
78956
29.686272
-96.933626
78957
30.013897
-97.182124
78959
29.700745
-97.301328
78962
29.657572
-96.733177
78963
29.916920
-97.028763
79001
35.339757
-102.794987
79003
35.581845
-100.068724
79005
36.380233
-100.507442
79007
35.706836
-101.398807
79009
34.533282
-102.879628
79010
35.451665
-102.140733
79011
35.634220
-100.231976
79012
35.264761
-102.127678
79013
36.038768
-102.003123
79014
35.908257
-100.285338
79015
34.937472
-101.916036
79016
34.983418
-101.918682
79018
35.742519
-102.786576
79019
35.007100
-101.394035
79021
33.984844
-102.027747
79022
36.098125
-102.606910
79024
36.439773
-100.369084
79025
34.940988
-102.205885
79027
34.494326
-102.540668
79029
35.901966
-102.025897
79031
34.270256
-102.449583
79032
34.282885
-101.941418
79033
36.330040
-100.983997
79034
36.359771
-100.157216
79035
34.690472
-102.784877
79036
35.612811
-101.547365
79039
35.259837
-101.096311
79040
36.318349
-101.559411
79041
34.043255
-101.931966
79042
34.741356
-101.911489
79043
34.368347
-102.134819
79044
35.863315
-102.367488
79045
34.914806
-102.554528
79046
36.163536
-100.121753
79051
36.483086
-102.259356
79052
34.361144
-101.744226
79053
34.408017
-102.579402
79054
35.374819
-100.821516
79056
36.223812
-100.211576
79057
35.246000
-100.642178
79058
35.579500
-101.855136
79059
35.830763
-100.765905
79061
35.524915
-100.442492
79062
36.037941
-101.506970
79063
34.531086
-102.096270
79064
34.195479
-102.119153
79065
35.541234
-100.906572
79068
35.346662
-101.444262
79070
36.269994
-100.794160
79072
34.169757
-101.733850
79078
35.720483
-101.580709
79079
35.208980
-100.242918
79080
35.748650
-101.213702
79081
36.241620
-101.218409
79082
34.224256
-102.287745
79083
35.886791
-101.514898
79084
36.276881
-101.996725
79085
34.740717
-102.514426
79086
36.045967
-101.783782
79087
36.287800
-102.913883
79088
34.580896
-101.697218
79091
34.897796
-102.126227
79092
35.312969
-102.446391
79093
36.289912
-101.033947
79094
34.840077
-101.509700
79095
34.904040
-100.208260
79096
35.437391
-100.196706
79097
35.437786
-101.181077
79098
35.152354
-102.215756
79101
35.206056
-101.839576
79102
35.196340
-101.866250
79103
35.177308
-101.794475
79104
35.202967
-101.788728
79105
35.691238
-101.820831
79106
35.203066
-101.895003
79107
35.230592
-101.802502
79108
35.534173
-102.026668
79109
35.166416
-101.886423
79110
35.145027
-101.876107
79111
35.220442
-101.708078
79118
35.106367
-101.739911
79119
35.109084
-102.017887
79121
35.174701
-101.929717
79124
35.266733
-101.958411
79201
34.437766
-100.280962
79220
33.753501
-100.794632
79225
34.255931
-99.515204
79226
34.900760
-100.994549
79227
33.899685
-99.769784
79229
33.665706
-100.676563
79230
34.702273
-100.069222
79231
33.906379
-101.070036
79233
34.520996
-100.525648
79234
34.230443
-100.935228
79235
33.961932
-101.246145
79236
33.712107
-100.492411
79237
34.910791
-100.656820
79239
34.655623
-100.763893
79240
34.886066
-100.779931
79241
34.179633
-101.387813
79243
33.774479
-100.990114
79244
34.041936
-100.852771
79245
34.855772
-100.510098
79247
34.329813
-99.409069
79248
33.994322
-100.287247
79250
33.877689
-101.594755
79251
34.943421
-100.451566
79252
34.304335
-99.818916
79255
34.349913
-101.050762
79256
33.900389
-100.745875
79257
34.457478
-101.287161
79258
34.228291
-101.288735
79259
34.398492
-100.472927
79261
34.447226
-100.809848
79311
33.857882
-101.881538
79312
34.021145
-102.476997
79313
33.804892
-102.162291
79314
33.584898
-103.014508
79316
33.137907
-102.326183
79322
33.633175
-101.178516
79323
32.945746
-102.869403
79324
33.897884
-102.682490
79325
34.424608
-102.943742
79326
34.077938
-102.216144
79329
33.715143
-101.674963
79330
33.040781
-101.224906
79331
32.695214
-102.009570
79336
33.603401
-102.398840
79339
33.889082
-102.337301
79342
32.908208
-102.336600
79343
33.658671
-101.531037
79344
33.844961
-102.930411
79345
33.337542
-102.331350
79346
33.648085
-102.824940
79347
34.172560
-102.789410
79350
33.731452
-101.825896
79351
32.927010
-101.764414
79353
33.783518
-102.581946
79355
33.181661
-102.876716
79356
33.284590
-101.342082
79357
33.611886
-101.404701
79358
33.442185
-102.195033
79359
32.971141
-102.586555
79360
32.689820
-102.724661
79363
33.707731
-102.045021
79364
33.452358
-101.644072
79366
33.530315
-101.685343
79367
33.621453
-102.190786
79369
33.955743
-102.145171
79370
33.507585
-100.908386
79371
33.915212
-102.617823
79372
33.434243
-102.488401
79373
33.182577
-101.827198
79376
33.233866
-102.673105
79377
32.929648
-102.133506
79378
33.058133
-102.474677
79379
33.510507
-102.646422
79380
33.735629
-102.332216
79381
33.312912
-101.770523
79382
33.455287
-102.014055
79401
33.588798
-101.850441
79403
33.643505
-101.775447
79404
33.527702
-101.793717
79406
33.585914
-101.878393
79407
33.566862
-102.079243
79410
33.570071
-101.891011
79411
33.570034
-101.857733
79412
33.546383
-101.856516
79413
33.547402
-101.885644
79414
33.547794
-101.920230
79415
33.700795
-101.896988
79416
33.600031
-101.982853
79423
33.439976
-101.855463
79424
33.467400
-101.944286
79501
32.747613
-99.904852
79502
33.183064
-100.245133
79503
32.868609
-99.692923
79504
32.335802
-99.350571
79505
33.577057
-99.809712
79506
32.106426
-100.313408
79508
32.274081
-99.826041
79510
32.266413
-99.518894
79511
32.415915
-101.250314
79512
32.304117
-100.924392
79517
32.879511
-101.246784
79518
33.341053
-100.714732
79519
32.044190
-99.700353
79520
32.857153
-100.124111
79521
33.122685
-99.650389
79525
32.630369
-99.830593
79526
32.636295
-100.716880
79527
32.646407
-101.293606
79528
33.329922
-100.584178
79529
33.431837
-99.853667
79530
32.118932
-99.748801
79532
32.404869
-100.711396
79533
32.857171
-99.551490
79534
32.764335
-100.211994
79535
32.223438
-100.479835
79536
32.473616
-100.032549
79537
32.291861
-100.210748
79538
31.970613
-99.684164
79539
33.361114
-99.876875
79540
33.169164
-100.040999
79541
32.147788
-99.810223
79543
32.714330
-100.407773
79544
33.301513
-99.852900
79545
32.415212
-100.573539
79546
32.891818
-100.498206
79547
33.197744
-99.905443
79548
33.049768
-99.918963
79549
32.887589
-100.841389
79553
32.940911
-99.850964
79556
32.458787
-100.357939
79560
32.665235
-100.213046
79561
32.515491
-100.195108
79562
32.236251
-99.866451
79563
32.415823
-99.906230
79565
32.397372
-101.087816
79566
32.108984
-100.134588
79567
31.972430
-99.950305
79601
32.576489
-99.665323
79602
32.335677
-99.667488
79603
32.486047
-99.909072
79605
32.434599
-99.781827
79606
32.362767
-99.817334
79607
32.430350
-99.832641
79699
32.462235
-99.715894
79701
31.992386
-102.081461
79703
31.979427
-102.132363
79705
32.051161
-102.059536
79706
31.814269
-102.002454
79707
32.043135
-102.204703
79713
32.489818
-101.754488
79714
32.335729
-102.697303
79718
31.004969
-103.759065
79719
31.460655
-103.404137
79720
32.253541
-101.472640
79730
31.169521
-103.085135
79731
31.422796
-102.487774
79733
32.102911
-101.365434
79734
30.686139
-103.960150
79735
30.753974
-102.805469
79738
32.751934
-101.474837
79739
31.769325
-101.506391
79741
31.969312
-102.630882
79742
31.342040
-102.868447
79743
31.185703
-102.593762
79744
30.922006
-101.970261
79745
31.831415
-103.055986
79748
32.408047
-101.651732
79749
32.289048
-101.871764
79752
31.228870
-102.162001
79754
31.802990
-103.601475
79755
31.517628
-101.918007
79756
31.540255
-102.844644
79758
31.970451
-102.320729
79759
31.799220
-102.632958
79761
31.855051
-102.350647
79762
31.925286
-102.357886
79763
31.799158
-102.474090
79764
31.866262
-102.537544
79765
31.917877
-102.273170
79766
31.725171
-102.413607
79770
31.875051
-103.933392
79772
31.422363
-103.627309
79777
31.484586
-103.161046
79778
31.176246
-101.923824
79780
31.061959
-103.592093
79781
30.596998
-101.784530
79782
32.149838
-101.826743
79783
32.321673
-102.042298
79785
31.327482
-103.906799
79788
31.582140
-102.977116
79789
31.714874
-103.157617
79821
31.980053
-106.598777
79830
29.802094
-103.222360
79831
30.429399
-103.325765
79834
29.182799
-103.262437
79835
31.932037
-106.592777
79836
31.572550
-106.198866
79837
32.241551
-105.248392
79838
31.482839
-106.168049
79839
31.316674
-105.935168
79842
30.085732
-103.117740
79843
29.802282
-104.035739
79845
29.888044
-104.519138
79846
29.387969
-103.990395
79847
31.835905
-105.052957
79848
30.261302
-102.301073
79849
31.560649
-106.250112
79851
31.278279
-105.311660
79852
29.396230
-103.617232
79853
31.434058
-106.063238
79854
30.591270
-104.660157
79855
31.093480
-104.624514
79901
31.760618
-106.478578
79902
31.783715
-106.498544
79903
31.786196
-106.441889
79904
31.852764
-106.447636
79905
31.766054
-106.426202
79906
31.810651
-106.404743
79907
31.707231
-106.326563
79908
31.846124
-106.381458
79911
31.892461
-106.542564
79912
31.848583
-106.534316
79915
31.746041
-106.371426
79916
31.813968
-106.418136
79920
31.824725
-106.451727
79922
31.814909
-106.561240
79924
31.902442
-106.413245
79925
31.796950
-106.356880
79927
31.640206
-106.268949
79928
31.631426
-106.160065
79930
31.829268
-106.483302
79932
31.874971
-106.607981
79934
31.950669
-106.433518
79935
31.767945
-106.330177
79936
31.776593
-106.296976
79938
31.829712
-105.971362
79942
30.575618
-101.331239
